time,info,metrics,duration,relative duration,beat_number
2.461269,db,2/4,0.4019759999999999,0.8039519999999998,1
2.863245,b,,0.4079860000000002,0.8159720000000004,2
3.271231,db,,0.3839469999999996,0.7678939999999992,1
3.655178,b,,0.37793800000000166,0.7558760000000033,2
4.0331160000000015,db,,0.38127599999999795,0.7625519999999959,1
4.414391999999999,b,,0.3919604999999997,0.7839209999999994,2
4.806352499999999,db,,0.4193365000000009,0.8386730000000018,1
5.225689,b,,0.36057649999999963,0.7211529999999993,2
5.5862655,db,,0.4520565000000012,0.9041130000000024,1
6.038322000000001,b,,0.36458299999999966,0.7291659999999993,2
6.4029050000000005,db,,0.4280179999999989,0.8560359999999978,1
6.830922999999999,b,,0.37259550000000097,0.7451910000000019,2
7.2035185,db,,0.4139954999999995,0.827990999999999,1
7.617514,b,,0.46474300000000035,0.9294860000000007,2
8.082257,db,,0.4153310000000001,0.8306620000000002,1
8.497588,b,,0.4139949999999999,0.8279899999999998,2
8.911583,db,,0.4260149999999996,0.8520299999999992,1
9.337598,b,,0.36391500000000043,0.7278300000000009,2
9.701513,db,,0.4013080000000002,0.8026160000000004,1
10.102821,b,,0.3672539999999991,0.7345079999999982,2
10.470075,db,,0.390625,0.78125,1
10.8607,b,,0.43002050000000125,0.8600410000000025,2
11.2907205,db,,0.4039794999999984,0.8079589999999968,1
11.6947,b,,0.3826115000000012,0.7652230000000024,2
12.0773115,db,,0.4493855,0.898771,1
12.526697,b,,0.37526699999999913,0.7505339999999983,2
12.901964,db,,0.44471099999999986,0.8894219999999997,1
13.346675,b,,0.36925700000000106,0.7385140000000021,2
13.715932,db,,0.43736599999999903,0.8747319999999981,1
14.153298,b,,0.4580655,0.916131,2
14.6113635,db,,0.4153305000000014,0.8306610000000028,1
15.026694,b,,0.4099889999999995,0.819977999999999,2
15.436683,db,,0.42067299999999896,0.8413459999999979,1
15.857356,b,,0.40331199999999967,0.8066239999999993,2
16.260668,db,,0.42601450000000085,0.8520290000000017,1
16.6866825,b,,0.4126595000000002,0.8253190000000004,2
17.099342,db,,0.42534649999999985,0.8506929999999997,1
17.5246885,b,,0.42267649999999435,0.8453529999999887,2
17.947364999999994,db,,0.46140400000000525,0.9228080000000105,1
18.408769,b,,0.4186690000000013,0.8373380000000026,2
18.827438,db,,0.43937000000000026,0.8787400000000005,1
19.266808,b,,0.4340270000000004,0.8680540000000008,2
19.700835,db,,0.4720879999999994,0.9441759999999988,1
20.172923,b,,0.42134100000000885,0.8426820000000177,2
20.59426400000001,db,,0.4607364999999888,0.9214729999999776,1
21.0550005,b,,0.5582255000000025,1.116451000000005,2
21.613226,db,,0.5568910000000002,1.1137820000000005,1
22.170117,b,,0.42601399999999856,0.8520279999999971,2
22.596131,db,,0.4340280000000014,0.8680560000000028,1
23.030159,b,,0.36658600000000874,0.7331720000000175,2
23.39674500000001,db,,0.4079849999999894,0.8159699999999788,1
23.80473,b,,0.381276500000002,0.762553000000004,2
24.1860065,db,,0.3932959999999994,0.7865919999999988,1
24.5793025,b,,0.4133274999999976,0.8266549999999953,2
24.99263,db,,0.4373660000000008,0.8747320000000016,1
25.429996,b,,0.4166665000000016,0.8333330000000032,2
25.8466625,db,,0.4306884999999987,0.8613769999999974,1
26.277351,b,,0.4220080000000017,0.8440160000000034,2
26.699359,db,,0.4246789999999976,0.8493579999999952,1
27.124038,b,,0.4146630000000009,0.8293260000000018,2
27.538701,db,,0.3979700000000008,0.7959400000000016,1
27.936671,b,,0.4407040000000002,0.8814080000000004,2
28.377375,db,,0.40798600000000107,0.8159720000000021,1
28.785361,b,,0.4133279999999999,0.8266559999999998,2
29.198689,db,,0.42067249999999845,0.8413449999999969,1
29.6193615,b,,0.40197649999999996,0.8039529999999999,2
30.021338,db,,0.4427075000000009,0.8854150000000018,1
30.4640455,b,,0.4133274999999976,0.8266549999999953,2
30.877373,db,,0.43736600000001147,0.8747320000000229,1
31.31473900000001,b,,0.4400369999999896,0.8800739999999792,2
31.754776,db,,0.41933700000001295,0.8386740000000259,1
32.17411300000001,b,,0.4193369999999845,0.838673999999969,2
32.59345,db,,0.43202450000000425,0.8640490000000085,1
33.0254745,b,,0.41199249999999665,0.8239849999999933,2
33.437467,db,,0.45539449999999704,0.9107889999999941,1
33.892861499999995,b,,0.4393695000000051,0.8787390000000102,2
34.332231,db,,0.45806500000000483,0.9161300000000097,1
34.790296000000005,b,,0.5889419999999959,1.1778839999999917,2
35.379238,db,,0.5822649999999996,1.1645299999999992,1
35.961503,b,,0.4260140000000021,0.8520280000000042,2
36.387517,db,,0.428685999999999,0.857371999999998,1
36.816203,b,,0.3952979999999968,0.7905959999999936,2
37.211501,db,,0.3872860000000031,0.7745720000000063,1
37.598787,b,,0.36992499999999495,0.7398499999999899,2
37.968712,db,,0.3959665000000001,0.7919330000000002,1
38.3646785,b,,0.40998900000000305,0.8199780000000061,2
38.7746675,db,,0.44270749999999737,0.8854149999999947,1
39.217375,b,,0.40531500000001586,0.8106300000000317,2
39.62269000000001,db,,0.42200799999998395,0.8440159999999679,1
40.044698,b,,0.4133279999999999,0.8266559999999998,2
40.458026,db,,0.4166660000000064,0.8333320000000128,1
40.874692,b,,0.42334400000000016,0.8466880000000003,2
41.298036,db,,0.38862099999999344,0.7772419999999869,1
41.686657,b,,0.4353630000000024,0.8707260000000048,2
42.12202,db,,0.42868500000000154,0.8573700000000031,1
42.550705,b,,0.4166669999999968,0.8333339999999936,2
42.967372,db,,0.4447110000000052,0.8894220000000104,1
43.412083,b,,0.41933699999999874,0.8386739999999975,2
43.83142,db,,0.4340270000000004,0.8680540000000008,1
44.265447,b,,0.4019764999999964,0.8039529999999928,2
44.6674235,db,,0.4233435000000014,0.8466870000000029,1
45.090767,b,,0.4193374999999975,0.838674999999995,2
45.5101045,db,,0.42467850000000595,0.8493570000000119,1
45.934783,b,,0.43002099999999643,0.8600419999999929,2
46.364804,db,,0.4153310000000019,0.8306620000000038,1
46.780135,b,,0.43002099999999643,0.8600419999999929,2
47.210156,db,,0.4273500000000041,0.8547000000000082,1
47.637506,b,,0.4046470000000042,0.8092940000000084,2
48.042153000000006,db,,0.4253464999999963,0.8506929999999926,1
48.4674995,b,,0.43068849999999514,0.8613769999999903,2
48.898188,db,,0.41666650000000516,0.8333330000000103,1
49.3148545,b,,0.41533049999999605,0.8306609999999921,2
49.730185,db,,0.43269200000000296,0.8653840000000059,1
50.162877,b,,0.40464750000001004,0.8092950000000201,2
50.56752450000001,db,,0.42868549999998606,0.8573709999999721,1
50.99621,b,,0.4033110000000022,0.8066220000000044,2
51.399521,db,,0.41132500000001215,0.8226500000000243,1
51.81084600000001,b,,0.4286849999999873,0.8573699999999747,2
52.239531,db,,0.4180020000000013,0.8360040000000026,1
52.657533,b,,0.4360305000000011,0.8720610000000022,2
53.0935635,db,,0.43068849999999514,0.8613769999999903,1
53.524252,b,,0.40998900000000305,0.8199780000000061,2
53.934241,db,,0.427349999999997,0.854699999999994,1
54.361591,b,,0.3979695000000021,0.7959390000000042,2
54.7595605,db,,0.42801800000000156,0.8560360000000031,1
55.1875785,b,,0.43068850000000225,0.8613770000000045,2
55.618267,db,,0.46340799999999405,0.9268159999999881,1
56.081675,b,,0.3919595000000058,0.7839190000000116,2
56.4736345,db,,0.37994149999999394,0.7598829999999879,1
56.853576,b,,0.40865300000001525,0.8173060000000305,2
57.26222900000001,db,,0.38862099999998634,0.7772419999999727,1
57.65085,b,,0.41332800000001413,0.8266560000000283,2
58.06417800000001,db,,0.40798599999998686,0.8159719999999737,1
58.472164,b,,0.3912924999999916,0.7825849999999832,2
58.86345649999999,db,,0.3979695000000092,0.7959390000000184,1
59.261426,b,,0.38394699999999915,0.7678939999999983,2
59.645373,db,,0.40397899999999964,0.8079579999999993,1
60.049352,b,,0.38261200000000173,0.7652240000000035,2
60.431964,db,,0.38394699999999915,0.7678939999999983,1
60.815911,b,,0.4013089999999977,0.8026179999999954,2
61.21722,db,,0.38394699999999915,0.7678939999999983,1
61.601167,b,,0.46875,0.9375,2
62.069917,db,,0.43135600000000096,0.8627120000000019,1
62.501273,b,,0.39930500000000535,0.7986100000000107,2
62.900578,db,,0.4059829999999991,0.8119659999999982,1
63.306561,b,,0.39796900000001045,0.7959380000000209,2
63.70453000000001,db,,0.41399599999999026,0.8279919999999805,1
64.118526,b,,0.39730149999999753,0.7946029999999951,2
64.5158275,db,,0.4146635000000032,0.8293270000000064,1
64.930491,b,,0.39062449999998705,0.7812489999999741,2
65.32111549999999,db,,0.4133275000000083,0.8266550000000166,1
65.734443,b,,0.40865300000001525,0.8173060000000305,2
66.14309600000001,db,,0.40331199999998546,0.8066239999999709,1
66.546408,b,,0.38995700000000966,0.7799140000000193,2
66.93636500000001,db,,0.4059819999999945,0.811963999999989,1
67.342347,b,,0.39463100000000395,0.7892620000000079,2
67.73697800000001,db,,0.42668199999998535,0.8533639999999707,1
68.16366,b,,0.45138900000000604,0.9027780000000121,2
68.615049,db,,0.4540590000000009,0.9081180000000018,1
69.069108,b,,0.3912924999999916,0.7825849999999832,2
69.46040049999999,db,,0.3899575000000084,0.7799150000000168,1
69.850358,b,,0.3926270000000045,0.785254000000009,2
70.242985,db,,0.4026439999999951,0.8052879999999902,1
70.645629,b,,0.4019765000000035,0.803953000000007,2
71.0476055,db,,0.39062450000000126,0.7812490000000025,1
71.43823,b,,0.3812759999999713,0.7625519999999426,2
71.81950599999998,db,,0.44537900000000263,0.8907580000000053,1
72.26488499999998,b,,0.37126050000001953,0.7425210000000391,2
72.6361455,db,,0.4073175000000049,0.8146350000000098,1
73.043463,b,,0.3966345000000189,0.7932690000000377,2
73.44009750000002,db,,0.4039789999999783,0.8079579999999567,1
73.8440765,b,,0.38928950000000384,0.7785790000000077,2
74.233366,db,,0.383279499999972,0.766558999999944,1
74.61664549999998,b,,0.4273500000000183,0.8547000000000367,2
75.0439955,db,,0.5141555000000011,1.0283110000000022,1
75.558151,b,,0.38327950000002886,0.7665590000000577,2
75.94143050000002,db,,0.4113244999999779,0.8226489999999558,1
76.352755,b,,0.39129199999999287,0.7825839999999857,2
76.744047,db,,0.39930500000002667,0.7986100000000533,1
77.14335200000002,b,,0.39663449999997624,0.7932689999999525,2
77.5399865,db,,0.38327950000000044,0.7665590000000009,1
77.923266,b,,0.42134049999999945,0.8426809999999989,2
78.3446065,db,,0.3946315000000027,0.7892630000000054,1
78.739238,b,,0.39997249999997564,0.7999449999999513,2
79.13921049999998,db,,0.4039795000000197,0.8079590000000394,1
79.54319,b,,0.39129199999997866,0.7825839999999573,2
79.93448199999997,db,,0.38995700000002387,0.7799140000000477,1
80.324439,b,,0.4026434999999964,0.8052869999999928,2
80.7270825,db,,0.41399550000002705,0.8279910000000541,1
81.14107800000002,b,,0.4640749999999798,0.9281499999999596,2
81.605153,db,,0.4260150000000209,0.8520300000000418,1
82.03116800000002,b,,0.40531500000000165,0.8106300000000033,2
82.43648300000002,db,,0.41866899999998,0.83733799999996,1
82.855152,b,,0.41065699999997207,0.8213139999999441,2
83.26580899999998,db,,0.42334350000002985,0.8466870000000597,1
83.6891525,b,,0.40531500000001586,0.8106300000000317,2
84.09446750000002,db,,0.39663349999997877,0.7932669999999575,1
84.491101,b,,0.4026439999999951,0.8052879999999902,2
84.893745,db,,0.4507210000000015,0.901442000000003,1
85.344466,b,,0.39129199999997866,0.7825839999999573,2
85.73575799999998,db,,0.41132500000001926,0.8226500000000385,1
86.147083,b,,0.39529800000001103,0.7905960000000221,2
86.542381,db,,0.4099894999999947,0.8199789999999894,1
86.9523705,b,,0.40664999999999907,0.8132999999999981,2
87.3590205,db,,0.3999730000000028,0.7999460000000056,1
87.7589935,b,,0.4787654999999944,0.9575309999999888,2
88.237759,db,,0.5548869999999795,1.109773999999959,1
88.79264599999998,b,,0.4066505000000262,0.8133010000000525,2
89.1992965,db,,0.40130849999999896,0.8026169999999979,1
89.600605,b,,0.4079854999999952,0.8159709999999905,2
90.0085905,db,,0.4053145000000029,0.8106290000000058,1
90.413905,b,,0.38795399999999347,0.7759079999999869,2
90.801859,db,,0.4093210000000056,0.8186420000000112,1
91.21118,b,,0.4026439999999951,0.8052879999999902,2
91.613824,db,,0.4093210000000056,0.8186420000000112,1
92.023145,b,,0.4026439999999951,0.8052879999999902,2
92.425789,db,,0.3973020000000105,0.794604000000021,1
92.823091,b,,0.4086534999999998,0.8173069999999996,2
93.2317445,db,,0.3979695000000021,0.7959390000000042,1
93.629714,b,,0.4093209999999914,0.8186419999999828,2
94.039035,db,,0.41466300000000444,0.8293260000000089,1
94.453698,b,,0.48611099999999396,0.9722219999999879,2
94.939809,db,,0.4493850000000066,0.8987700000000132,1
95.389194,b,,0.44671400000000006,0.8934280000000001,2
95.835908,db,,0.45405999999999835,0.9081199999999967,1
96.289968,b,,0.4233430000000027,0.8466860000000054,2
96.713311,db,,0.44337600000000066,0.8867520000000013,1
97.156687,b,,0.41265999999998826,0.8253199999999765,2
97.569347,db,,0.4166660000000064,0.8333320000000128,1
97.986013,b,,0.4427079999999961,0.8854159999999922,2
98.428721,db,,0.4200050000000033,0.8400100000000066,1
98.848726,b,,0.4447109999999981,0.8894219999999962,2
99.293437,db,,0.4260150000000067,0.8520300000000134,1
99.719452,b,,0.42868500000000154,0.8573700000000031,2
100.148137,db,,0.4260149999999925,0.852029999999985,1
100.574152,b,,0.4033110000000022,0.8066220000000044,2
100.977463,db,,0.44137249999999995,0.8827449999999999,1
101.4188355,b,,0.42935350000000483,0.8587070000000097,2
101.848189,db,,0.4159985000000006,0.8319970000000012,1
102.2641875,b,,0.4360305000000011,0.8720610000000022,2
102.700218,db,,0.4340270000000004,0.8680540000000008,1
103.134245,b,,0.4260149999999925,0.852029999999985,2
103.56026,db,,0.4273500000000041,0.8547000000000082,1
103.98761,b,,0.41132399999999336,0.8226479999999867,2
104.398934,db,,0.40998899999999594,0.8199779999999919,1
104.808923,b,,0.4353630000000237,0.8707260000000474,2
105.24428600000002,db,,0.4193369999999845,0.838673999999969,1
105.663623,b,,0.44070499999999413,0.8814099999999883,2
106.104328,db,,0.43002100000001064,0.8600420000000213,1
106.534349,b,,0.40998899999999594,0.8199779999999919,2
106.944338,db,,0.43001999999999896,0.8600399999999979,1
107.374358,b,,0.4066504999999978,0.8133009999999956,2
107.7810085,db,,0.4360305000000011,0.8720610000000022,1
108.217039,b,,0.44337600000000066,0.8867520000000013,2
108.660415,db,,0.5475419999999929,1.0950839999999857,1
109.207957,b,,0.4166660000000064,0.8333320000000128,2
109.624623,db,,0.41132500000000505,0.8226500000000101,1
110.035948,b,,0.3832790000000017,0.7665580000000034,2
110.419227,db,,0.388621999999998,0.777243999999996,1
110.807849,b,,0.37326299999999435,0.7465259999999887,2
111.181112,db,,0.39730199999999627,0.7946039999999925,1
111.578414,b,,0.40130849999999896,0.8026169999999979,2
111.9797225,db,,0.4133275000000083,0.8266550000000166,1
112.39305,b,,0.3839474999999908,0.7678949999999816,2
112.7769975,db,,0.46207200000000626,0.9241440000000125,1
113.2390695,b,,0.37726949999999704,0.7545389999999941,2
113.616339,db,,0.4573984999999965,0.914796999999993,1
114.0737375,b,,0.3779375000000016,0.7558750000000032,2
114.451675,db,,0.43603099999999984,0.8720619999999997,1
114.887706,b,,0.4533915000000235,0.906783000000047,2
115.34109750000002,db,,0.4173334999999838,0.8346669999999676,1
115.758431,b,,0.4146635000000032,0.8293270000000064,2
116.1730945,db,,0.4079854999999952,0.8159709999999905,1
116.58108,b,,0.3959665000000001,0.7919330000000002,2
116.9770465,db,,0.3932954999999936,0.7865909999999872,1
117.370342,b,,0.37459900000000346,0.7491980000000069,2
117.744941,db,,0.39663450000000466,0.7932690000000093,1
118.1415755,b,,0.4053145000000029,0.8106290000000058,2
118.54689,db,,0.43002100000001064,0.8600420000000213,1
118.97691100000002,b,,0.3712604999999911,0.7425209999999822,2
119.3481715,db,,0.4520559999999989,0.9041119999999978,1
119.8002275,b,,0.3919599999999974,0.7839199999999948,2
120.1921875,db,,0.45940149999999846,0.9188029999999969,1
120.651589,b,,0.3739309999999989,0.7478619999999978,2
121.02552,db,,0.4553949999999958,0.9107899999999916,1
121.480915,b,,0.4473820000000046,0.8947640000000092,2
121.928297,db,,0.4133274999999941,0.8266549999999881,1
122.3416245,b,,0.41866950000000713,0.8373390000000143,2
122.760294,db,,0.42200800000000527,0.8440160000000105,1
123.182302,b,,0.3979699999999866,0.7959399999999732,2
123.580272,db,,0.4366980000000069,0.8733960000000138,1
124.01697,b,,0.4073180000000036,0.8146360000000072,2
124.424288,db,,0.4206724999999949,0.8413449999999898,1
124.8449605,b,,0.45005349999999567,0.9001069999999913,2
125.295014,db,,0.459400500000001,0.918801000000002,1
125.7544145,b,,0.42467950000001053,0.8493590000000211,2
126.179094,db,,0.42200799999999106,0.8440159999999821,1
126.601102,b,,0.4473820000000046,0.8947640000000092,2
127.048484,db,,0.4500529999999969,0.9001059999999939,1
127.498537,b,,0.428685999999999,0.857371999999998,2
127.927223,db,,0.4594009999999855,0.918801999999971,1
128.38662399999998,b,,0.5114840000000243,1.0229680000000485,2
128.898108,db,,0.5662389999999959,1.1324779999999919,1
129.464347,b,,0.40130849999999896,0.8026169999999979,2
129.8656555,db,,0.4173334999999838,0.8346669999999676,1
130.282989,b,,0.36658650000001103,0.7331730000000221,2
130.6495755,db,,0.4026435000000106,0.8052870000000212,1
131.052219,b,,0.3579059999999856,0.7158119999999712,2
131.410125,db,,0.393295500000022,0.786591000000044,1
131.80342050000002,b,,0.4053145000000029,0.8106290000000058,2
132.20873500000002,db,,0.42601499999997827,0.8520299999999565,1
132.63475,b,,0.4186689999999942,0.8373379999999884,2
133.053419,db,,0.41599899999999934,0.8319979999999987,1
133.469418,b,,0.417334000000011,0.834668000000022,2
133.886752,db,,0.42534699999998793,0.8506939999999759,1
134.312099,b,,0.4153300000000115,0.830660000000023,2
134.727429,db,,0.3979699999999866,0.7959399999999732,1
135.125399,b,,0.428685999999999,0.857371999999998,2
135.554085,db,,0.4159980000000303,0.8319960000000606,1
135.97008300000002,b,,0.4226759999999956,0.8453519999999912,2
136.392759,db,,0.40531500000000165,0.8106300000000033,1
136.798074,b,,0.4346949999999765,0.869389999999953,2
137.232769,db,,0.45272399999998925,0.9054479999999785,1
137.68549299999998,b,,0.42868500000002996,0.8573700000000599,2
138.114178,db,,0.42000499999997487,0.8400099999999497,1
138.53418299999998,b,,0.4600690000000043,0.9201380000000086,2
138.994252,db,,0.4260145000000648,0.8520290000001296,1
139.42026650000005,b,,0.4086534999999287,0.8173069999998575,2
139.82891999999998,db,,0.4366985000000341,0.8733970000000681,1
140.26561850000002,b,,0.4326915000000042,0.8653830000000085,2
140.69831000000002,db,,0.4487179999999853,0.8974359999999706,1
141.147028,b,,0.43135599999999386,0.8627119999999877,2
141.578384,db,,0.47809800000004543,0.9561960000000909,1
142.05648200000005,b,,0.614314999999948,1.228629999999896,2
142.670797,db,,0.7211540000000127,1.4423080000000255,1
143.391951,b,,0.4286849999999447,0.8573699999998894,2
143.82063599999995,db,,0.41132400000009284,0.8226480000001857,1
144.23196000000004,b,,0.38394749999994815,0.7678949999998963,2
144.6159075,db,,0.4173345000000097,0.8346690000000194,1
145.033242,b,,0.36591849999999226,0.7318369999999845,2
145.3991605,db,,0.3852824999999598,0.7705649999999196,1
145.78444299999995,b,,0.40464700000009657,0.8092940000001931,2
146.18909000000005,db,,0.46006899999994744,0.9201379999998949,1
146.649159,b,,0.40331150000000093,0.8066230000000019,2
147.0524705,db,,0.42267600000005245,0.8453520000001049,1
147.47514650000005,b,,0.4260144999999511,0.8520289999999022,2
147.901161,db,,0.4286855000000003,0.8573710000000005,1
148.3298465,b,,0.4253464999999892,0.8506929999999784,2
148.755193,db,,0.417334000000011,0.834668000000022,1
149.172527,b,,0.4026439999999525,0.805287999999905,2
149.57517099999995,db,,0.4180020000000013,0.8360040000000026,1
149.99317299999996,b,,0.3719279999999969,0.7438559999999939,2
150.36510099999995,db,,0.4600690000000611,0.9201380000001222,1
150.82517,b,,0.41132399999997915,0.8226479999999583,2
151.236494,db,,0.41666600000002063,0.8333320000000413,1
151.65316,b,,0.39396399999998266,0.7879279999999653,2
152.047124,db,,0.41599800000000187,0.8319960000000037,1
152.463122,b,,0.41199249999999665,0.8239849999999933,2
152.8751145,db,,0.4193369999999561,0.8386739999999122,1
153.29445149999995,b,,0.3912920000000497,0.7825840000000994,2
153.6857435,db,,0.4493855000000053,0.8987710000000106,1
154.135129,b,,0.39663450000000466,0.7932690000000093,2
154.5317635,db,,0.4093209999999772,0.8186419999999544,1
154.9410845,b,,0.4073180000000036,0.8146360000000072,2
155.3484025,db,,0.4026435000000106,0.8052870000000212,1
155.751046,b,,0.42534699999998793,0.8506939999999759,2
156.176393,db,,0.4126600000000167,0.8253200000000334,1
156.589053,b,,0.3819440000000043,0.7638880000000086,2
156.970997,db,,0.46541049999996176,0.9308209999999235,1
157.43640749999997,b,,0.3966345000000331,0.7932690000000662,2
157.833042,db,,0.4300209999999822,0.8600419999999644,1
158.263063,b,,0.39196000000001163,0.7839200000000233,2
158.655023,db,,0.42200800000000527,0.8440160000000105,1
159.077031,b,,0.4046470000000397,0.8092940000000794,2
159.48167800000004,db,,0.4079859999999087,0.8159719999998174,1
159.88966399999995,b,,0.39930499999999824,0.7986099999999965,2
160.28896899999995,db,,0.43269200000000296,0.8653840000000059,1
160.72166099999995,b,,0.40531450000003133,0.8106290000000627,2
161.1269755,db,,0.4133275000000083,0.8266550000000166,1
161.540303,b,,0.383947500000005,0.76789500000001,2
161.9242505,db,,0.4059825000000501,0.8119650000001002,1
162.33023300000005,b,,0.4073179999999468,0.8146359999998936,2
162.737551,db,,0.438034000000016,0.876068000000032,1
163.175585,b,,0.3819440000000327,0.7638880000000654,2
163.55752900000005,db,,0.4687489999999457,0.9374979999998914,1
164.026278,b,,0.39797000000001503,0.7959400000000301,2
164.424248,db,,0.45138799999998014,0.9027759999999603,1
164.875636,b,,0.39463150000005953,0.7892630000001191,2
165.27026750000005,db,,0.40331150000000093,0.8066230000000019,1
165.67357900000005,b,,0.412659999999903,0.825319999999806,2
166.08623899999995,db,,0.4240110000000641,0.8480220000001282,1
166.51025,b,,0.41666649999999095,0.8333329999999819,2
166.9269165,db,,0.41666649999999095,0.8333329999999819,1
167.343583,b,,0.43936899999999923,0.8787379999999985,2
167.782952,db,,0.4353629999999953,0.8707259999999906,1
168.218315,b,,0.431356500000021,0.862713000000042,2
168.6496715,db,,0.45672949999999446,0.9134589999999889,1
169.106401,b,,0.4253475000000435,0.850695000000087,2
169.53174850000005,db,,0.43068850000000225,0.8613770000000045,1
169.96243700000005,b,,0.4166664999999625,0.833332999999925,2
170.3791035,db,,0.39596599999998716,0.7919319999999743,1
170.7750695,b,,0.40798599999999396,0.8159719999999879,2
171.1830555,db,,0.4193375000000117,0.8386750000000234,1
171.602393,b,,0.4340269999999862,0.8680539999999723,2
172.03642,db,,0.44070500000000834,0.8814100000000167,1
172.477125,b,,0.42334324999998785,0.8466864999999757,2
172.90046825,db,,0.4233432499999594,0.8466864999999189,1
173.32381149999995,b,,0.41266000000010195,0.8253200000002039,2
173.73647150000005,db,,0.3291929999999468,0.6583859999998936,1
174.0656645,b,,0.42735050000001706,0.8547010000000341,2
174.493015,db,,0.4320239999999842,0.8640479999999684,1
174.925039,b,,0.3552345000000514,0.7104690000001028,2
175.28027350000005,db,,0.45005249999994135,0.9001049999998827,1
175.730326,b,,0.38795450000006326,0.7759090000001265,2
176.11828050000005,db,,0.3946309999999471,0.7892619999998942,1
176.5129115,b,,0.38862100000000055,0.7772420000000011,2
176.9015325,db,,0.4300205000000119,0.8600410000000238,1
177.331553,b,,0.3786054999999351,0.7572109999998702,2
177.71015849999995,db,,0.43870150000006447,0.8774030000001289,1
178.14886,b,,0.44204049999996187,0.8840809999999237,2
178.59090049999998,db,,0.4273495000000196,0.8546990000000392,1
179.01825,b,,0.47676250000000664,0.9535250000000133,2
179.4950125,db,,0.4660784999999521,0.9321569999999042,1
179.96109099999995,b,,0.4213405000000421,0.8426810000000842,2
180.3824315,db,,0.4493855000000053,0.8987710000000106,1
180.831817,b,,0.40264400000000933,0.8052880000000187,2
181.234461,db,,0.4006404999999802,0.8012809999999604,1
181.6351015,b,,0.4106570000000147,0.8213140000000294,2
182.0457585,db,,0.6463664999999992,1.2927329999999984,1
182.692125,b,,0.1976489999999842,0.3952979999999684,2
182.889774,db,,0.46340800000001536,0.9268160000000307,1
183.353182,b,,0.4113240000000076,0.8226480000000151,2
183.764506,db,,0.4467149999999833,0.8934299999999666,1
184.211221,b,,0.4213400000000149,0.8426800000000298,2
184.632561,db,,0.4193369999999845,0.838673999999969,1
185.051898,b,,0.4246794999999963,0.8493589999999926,2
185.4765775,db,,0.41265950000001794,0.8253190000000359,1
185.889237,b,,0.43202449999998294,0.8640489999999659,2
186.3212615,db,,0.4159985000000006,0.8319970000000012,1
186.73726,b,,0.40865300000001525,0.8173060000000305,2
187.145913,db,,0.40197599999999056,0.8039519999999811,1
187.547889,b,,0.4233440000000144,0.8466880000000288,2
187.971233,db,,0.4380339999999876,0.8760679999999752,1
