time,info,metrics,beat_number,duration,relative duration
2.06143,db,3/4,1,0.3530979999999997,0.7061959999999994
2.414528,b,,2,0.336538,0.673076
2.751066,b,,3,0.3338670000000006,0.6677340000000012
3.0849330000000004,db,,1,0.33493499999999976,0.6698699999999995
3.419868,b,,2,0.3247869999999997,0.6495739999999994
3.744655,b,,3,0.34615300000000016,0.6923060000000003
4.090808,db,,1,0.31944399999999984,0.6388879999999997
4.410252,b,,2,0.31517000000000017,0.6303400000000003
4.725422,b,,3,0.3311970000000004,0.6623940000000008
5.056619,db,,1,0.318375999999998,0.636751999999996
5.374994999999998,b,,2,0.32478600000000135,0.6495720000000027
5.699781,b,,3,0.3728630000000006,0.7457260000000012
6.072644,db,,1,0.3087599999999995,0.617519999999999
6.381404,b,,2,0.33760600000000096,0.6752120000000019
6.719010000000001,b,,3,0.35576899999999956,0.7115379999999991
7.074779,db,,1,0.34294899999999995,0.6858979999999999
7.417728,b,,2,0.3357369999999982,0.6714739999999964
7.7534649999999985,b,,3,0.3357360000000007,0.6714720000000014
8.089201,db,,1,0.34348300000000087,0.6869660000000017
8.432684,b,,2,0.3344009999999997,0.6688019999999995
8.767085,b,,3,0.3498929999999998,0.6997859999999996
9.116978,db,,1,0.26923099999999955,0.5384619999999991
9.386209,b,,2,0.4054480000000016,0.8108960000000032
9.791657,b,,3,0.36217899999999936,0.7243579999999987
10.153836,db,,1,0.34187999999999974,0.6837599999999995
10.495716,b,,2,0.3279910000000008,0.6559820000000016
10.823707,b,,3,0.3488239999999987,0.6976479999999974
11.172531,db,,1,0.32532100000000064,0.6506420000000013
11.497852,b,,2,0.3114310000000007,0.6228620000000014
11.809283,b,,3,0.3862169999999985,0.772433999999997
12.1955,db,,1,0.3440170000000009,0.6880340000000018
12.539517,b,,2,0.3504269999999998,0.7008539999999996
12.889944,b,,3,0.42200900000000097,0.8440180000000019
13.311953,db,,1,0.3317299999999985,0.663459999999997
13.643683,b,,2,0.3317300000000003,0.6634600000000006
13.975413,b,,3,0.33333299999999966,0.6666659999999993
14.308746,db,,1,0.3311970000000013,0.6623940000000026
14.639943,b,,2,0.33119600000000027,0.6623920000000005
14.971139,b,,3,0.36431599999999875,0.7286319999999975
15.335455,db,,1,0.3429479999999998,0.6858959999999996
15.678403,b,,2,0.36217900000000114,0.7243580000000023
16.040582,b,,3,0.3712610000000005,0.742522000000001
16.411843,db,,1,0.349892999999998,0.699785999999996
16.761736,b,,2,0.34882400000000047,0.6976480000000009
17.11056,b,,3,0.36805499999999824,0.7361099999999965
17.478614999999998,db,,1,0.3563030000000005,0.712606000000001
17.834918,b,,2,0.33386700000000147,0.6677340000000029
18.168785,b,,3,0.3162400000000005,0.632480000000001
18.485025,db,,1,0.3237169999999985,0.647433999999997
18.808742,b,,2,0.34081199999999967,0.6816239999999993
19.149554,b,,3,0.3205120000000008,0.6410240000000016
19.470066,db,,1,0.34615400000000207,0.6923080000000041
19.81622,b,,2,0.35256299999999996,0.7051259999999999
20.168783,b,,3,0.36858999999999753,0.7371799999999951
20.537373,db,,1,0.3557690000000022,0.7115380000000044
20.893142,b,,2,0.38728499999999855,0.7745699999999971
21.280427,b,,3,0.42361100000000107,0.8472220000000021
21.704038,db,,1,0.34668800000000033,0.6933760000000007
22.050726,b,,2,0.3466869999999993,0.6933739999999986
22.397413,b,,3,0.4262820000000005,0.852564000000001
22.823695,db,,1,0.34962600000000066,0.6992520000000013
23.173321,b,,2,0.34962499999999963,0.6992499999999993
23.522946,b,,3,0.4054489999999973,0.8108979999999946
23.928395,db,,1,0.3685900000000011,0.7371800000000022
24.296985,b,,2,0.36858900000000006,0.7371780000000001
24.665574,b,,3,0.47756299999999996,0.9551259999999999
25.143137,db,,1,0.5576919999999994,1.1153839999999988
25.700829,b,,2,0.32692300000000074,0.6538460000000015
26.027752,b,,3,0.3295940000000037,0.6591880000000074
26.357346000000003,db,,1,0.3381409999999967,0.6762819999999934
26.695487,b,,2,0.38514800000000093,0.7702960000000019
27.080635,b,,3,0.4428420000000024,0.8856840000000048
27.523477000000003,db,,1,0.4294869999999982,0.8589739999999964
27.952964,b,,2,0.37606800000000007,0.7521360000000001
28.329032,b,,3,0.3397429999999986,0.6794859999999971
28.668775,db,,1,0.38408099999999834,0.7681619999999967
29.052856,b,,2,0.33066200000000023,0.6613240000000005
29.383518,b,,3,0.3744660000000053,0.7489320000000106
29.757984000000004,db,,1,0.4001059999999974,0.8002119999999948
30.15809,b,,2,0.33707199999999915,0.6741439999999983
30.495162,b,,3,0.35790599999999984,0.7158119999999997
30.853068,db,,1,0.3547000000000011,0.7094000000000023
31.207768,b,,2,0.3653839999999988,0.7307679999999976
31.573152,b,,3,0.46153800000000444,0.9230760000000089
32.034690000000005,db,,1,0.387285999999996,0.774571999999992
32.421976,b,,2,0.3771369999999976,0.7542739999999952
32.799113,b,,3,0.3653839999999988,0.7307679999999976
33.164497,db,,1,0.36912300000000187,0.7382460000000037
33.53362,b,,2,0.385150000000003,0.770300000000006
33.91877,b,,3,0.3712599999999995,0.742519999999999
34.29003,db,,1,0.3619119999999967,0.7238239999999934
34.651942,b,,2,0.3619119999999967,0.7238239999999934
35.013853999999995,b,,3,0.3541660000000064,0.7083320000000128
35.36802,db,,1,0.3445510000000098,0.6891020000000196
35.71257100000001,b,,2,0.39102499999999196,0.7820499999999839
36.103596,b,,3,0.37179499999999877,0.7435899999999975
36.475391,db,,1,0.3514949999999999,0.7029899999999998
36.826886,b,,2,0.3664529999999999,0.7329059999999998
37.193339,b,,3,0.33814100000000025,0.6762820000000005
37.53148,db,,1,0.3509609999999981,0.7019219999999962
37.882441,b,,2,0.3717940000000013,0.7435880000000026
38.254235,b,,3,0.36057699999999926,0.7211539999999985
38.614812,db,,1,0.3434820000000016,0.6869640000000032
38.958294,b,,2,0.34668800000000033,0.6933760000000007
39.304982,b,,3,0.3541669999999968,0.7083339999999936
39.659149,db,,1,0.33653799999999734,0.6730759999999947
39.995687,b,,2,0.3808750000000032,0.7617500000000064
40.376562,b,,3,0.35042800000000085,0.7008560000000017
40.72699,db,,1,0.4022199999999998,0.8044399999999996
41.12921,b,,2,0.3504490000000118,0.7008980000000236
41.47965900000001,b,,3,0.33867499999998785,0.6773499999999757
41.818334,db,,1,0.39102599999999654,0.7820519999999931
42.20936,b,,2,0.36752100000000354,0.7350420000000071
42.576881,b,,3,0.3803410000000014,0.7606820000000027
42.957222,db,,1,0.3410790000000006,0.6821580000000012
43.298301,b,,2,0.3410790000000006,0.6821580000000012
43.63938,b,,3,0.35523399999999583,0.7104679999999917
43.994614,db,,1,0.45032000000000494,0.9006400000000099
44.444934,b,,2,0.4086539999999985,0.817307999999997
44.853588,b,,3,0.40865300000000104,0.8173060000000021
45.262241,db,,1,0.5283119999999997,1.0566239999999993
45.790553,b,,2,0.38034099999999427,0.7606819999999885
46.170894,b,,3,0.3786620000000056,0.7573240000000112
46.549556,db,,1,0.3504529999999946,0.7009059999999891
46.900009,b,,2,0.39802099999999996,0.7960419999999999
47.29803,b,,3,0.3717940000000013,0.7435880000000026
47.669824,db,,1,0.38888899999999893,0.7777779999999979
48.058713,b,,2,0.3547000000000011,0.7094000000000023
48.413413,b,,3,0.4252129999999994,0.8504259999999988
48.838626,db,,1,0.4348290000000006,0.8696580000000012
49.273455,b,,2,0.4038460000000015,0.807692000000003
49.677301,b,,3,0.4262820000000005,0.852564000000001
50.103583,db,,1,0.38781900000000036,0.7756380000000007
50.491402,b,,2,0.45619699999999597,0.9123939999999919
50.947599,b,,3,0.38621700000000203,0.7724340000000041
51.333816,db,,1,0.38087600000000066,0.7617520000000013
51.714692,b,,2,0.38141000000000247,0.7628200000000049
52.096102,b,,3,0.35149599999999737,0.7029919999999947
52.447598,db,,1,0.37820400000000376,0.7564080000000075
52.825802,b,,2,0.4027770000000004,0.8055540000000008
53.228579,b,,3,0.38888899999999893,0.7777779999999979
53.617468,db,,1,0.3835459999999955,0.767091999999991
54.001014,b,,2,0.3846150000000037,0.7692300000000074
54.385629,b,,3,0.38087700000000524,0.7617540000000105
54.76650600000001,db,,1,0.41933599999999416,0.8386719999999883
55.185842,b,,2,0.38034199999999885,0.7606839999999977
55.566184,b,,3,0.36698599999999715,0.7339719999999943
55.93317,db,,1,0.3835470000000001,0.7670940000000002
56.316717,b,,2,0.35683700000000584,0.7136740000000117
56.673554,b,,3,0.40224399999999605,0.8044879999999921
57.075798,db,,1,0.35897400000000346,0.7179480000000069
57.434772,b,,2,0.36645199999999534,0.7329039999999907
57.801224,b,,3,0.396367000000005,0.79273400000001
58.197591,db,,1,0.3760679999999965,0.752135999999993
58.573659,b,,2,0.4871789999999976,0.9743579999999952
59.060838,b,,3,0.43963600000000014,0.8792720000000003
59.500474,db,,1,0.3766030000000029,0.7532060000000058
59.877077,b,,2,0.41933699999999874,0.8386739999999975
60.296414,b,,3,0.35737100000000055,0.7147420000000011
60.653785,db,,1,0.39049100000000436,0.7809820000000087
61.044276,b,,2,0.3653849999999963,0.7307699999999926
61.409661,b,,3,0.3627129999999994,0.7254259999999988
61.772374,db,,1,0.39209400000000727,0.7841880000000145
62.16446800000001,b,,2,0.3643159999999952,0.7286319999999904
62.528784,b,,3,0.360042,0.720084
62.888826,db,,1,0.37927299999999775,0.7585459999999955
63.268099,b,,2,0.36111100000000107,0.7222220000000021
63.62921,b,,3,0.3632470000000012,0.7264940000000024
63.992457,db,,1,0.39209400000000016,0.7841880000000003
64.384551,b,,2,0.35897400000000346,0.7179480000000069
64.743525,b,,3,0.38034199999999885,0.7606839999999977
65.123867,db,,1,0.3611099999999965,0.722219999999993
65.484977,b,,2,0.3568379999999962,0.7136759999999924
65.841815,b,,3,0.36645200000000955,0.7329040000000191
66.208267,db,,1,0.3728629999999953,0.7457259999999906
66.58113,b,,2,0.3525639999999868,0.7051279999999736
66.93369399999999,b,,3,0.35683700000001295,0.7136740000000259
67.290531,db,,1,0.3557689999999951,0.7115379999999902
67.6463,b,,2,0.3717939999999942,0.7435879999999884
68.01809399999999,b,,3,0.34027800000001207,0.6805560000000241
68.358372,db,,1,0.37232899999999347,0.7446579999999869
68.730701,b,,2,0.36752099999999643,0.7350419999999929
69.09822199999999,b,,3,0.33814100000000735,0.6762820000000147
69.436363,db,,1,0.3701910000000055,0.740382000000011
69.806554,b,,2,0.36752099999999643,0.7350419999999929
70.174075,b,,3,0.33814100000002156,0.6762820000000431
70.51221600000002,db,,1,0.3733969999999829,0.7467939999999658
70.885613,b,,2,0.35897399999998925,0.7179479999999785
71.244587,b,,3,0.32852499999999907,0.6570499999999981
71.573112,db,,1,0.35844000000000165,0.7168800000000033
71.931552,b,,2,0.3552350000000075,0.710470000000015
72.286787,b,,3,0.363781000000003,0.727562000000006
72.650568,db,,1,0.34989299999999446,0.6997859999999889
73.000461,b,,2,0.3616450000000242,0.7232900000000484
73.36210600000003,b,,3,0.3664529999999502,0.7329059999999004
73.72855899999998,db,,1,0.36645200000002376,0.7329040000000475
74.095011,b,,2,0.3643160000000023,0.7286320000000046
74.459327,b,,3,0.34829100000000324,0.6965820000000065
74.807618,db,,1,0.3621779999999717,0.7243559999999434
75.16979599999998,b,,2,0.3338680000000238,0.6677360000000476
75.503664,b,,3,0.37660200000000543,0.7532040000000109
75.880266,db,,1,0.3563039999999944,0.7126079999999888
76.23657,b,,2,0.33546900000000335,0.6709380000000067
76.572039,b,,3,0.36805499999998403,0.7361099999999681
76.94009399999999,db,,1,0.3536320000000188,0.7072640000000376
77.293726,b,,2,0.3621789999999976,0.7243579999999952
77.655905,b,,3,0.3568379999999962,0.7136759999999924
78.012743,db,,1,0.3755340000000018,0.7510680000000036
78.388277,b,,2,0.36912300000000187,0.7382460000000037
78.7574,b,,3,0.3963669999999979,0.7927339999999958
79.153767,db,,1,0.35950799999999106,0.7190159999999821
79.513275,b,,2,0.36805600000000993,0.7361120000000199
79.881331,b,,3,0.42788299999999424,0.8557659999999885
80.309214,db,,1,0.3859510000000057,0.7719020000000114
80.695165,b,,2,0.385949999999994,0.771899999999988
81.081115,b,,3,0.33974399999999605,0.6794879999999921
81.420859,db,,1,0.3552350000000075,0.710470000000015
81.776094,b,,2,0.36004199999999287,0.7200839999999857
82.136136,b,,3,0.412926000000013,0.825852000000026
82.549062,db,,1,0.3851499999999959,0.7702999999999918
82.934212,b,,2,0.3851489999999984,0.7702979999999968
83.319361,b,,3,0.32799099999999726,0.6559819999999945
83.647352,db,,1,0.3632479999999987,0.7264959999999974
84.0106,b,,2,0.37927299999999775,0.7585459999999955
84.389873,b,,3,0.4166660000000064,0.8333320000000128
84.806539,db,,1,0.4134609999999981,0.8269219999999962
85.22,b,,2,0.31837600000000066,0.6367520000000013
85.538376,b,,3,0.3536319999999762,0.7072639999999524
85.89200799999998,db,,1,0.37713700000001893,0.7542740000000379
86.269145,b,,2,0.34829000000000576,0.6965800000000115
86.617435,b,,3,0.3856830000000002,0.7713660000000004
87.003118,db,,1,0.3733969999999971,0.7467939999999942
87.376515,b,,2,0.3733969999999971,0.7467939999999942
87.749912,b,,3,0.34615400000002694,0.6923080000000539
88.09606600000002,db,,1,0.3327989999999801,0.6655979999999602
88.428865,b,,2,0.3637809999999746,0.7275619999999492
88.79264599999998,b,,3,0.43162399999999934,0.8632479999999987
89.22426999999998,db,,1,0.3712600000000492,0.7425200000000984
89.59553000000002,b,,2,0.37126099999997564,0.7425219999999513
89.966791,b,,3,0.3429479999999927,0.6858959999999854
90.309739,db,,1,0.3739310000000131,0.7478620000000262
90.68367,b,,2,0.41025599999998974,0.8205119999999795
91.093926,b,,3,0.3124990000000025,0.624998000000005
91.406425,db,,1,0.3530990000000003,0.7061980000000005
91.759524,b,,2,0.38888799999999435,0.7777759999999887
92.148412,b,,3,0.34615400000001273,0.6923080000000255
92.494566,db,,1,0.35042699999999627,0.7008539999999925
92.844993,b,,2,0.36858900000000006,0.7371780000000001
93.213582,b,,3,0.3429490000000044,0.6858980000000088
93.556531,db,,1,0.3536309999999929,0.7072619999999858
93.910162,b,,2,0.3744659999999982,0.7489319999999964
94.284628,b,,3,0.34722200000000214,0.6944440000000043
94.63185,db,,1,0.34775600000000395,0.6955120000000079
94.979606,b,,2,0.372327999999996,0.744655999999992
95.351934,b,,3,0.3579069999999973,0.7158139999999946
95.709841,db,,1,0.3969009999999997,0.7938019999999995
96.106742,b,,2,0.3322640000000092,0.6645280000000184
96.439006,b,,3,0.383546999999993,0.767093999999986
96.822553,db,,1,0.3643160000000023,0.7286320000000046
97.186869,b,,2,0.3194440000000043,0.6388880000000086
97.506313,b,,3,0.39796899999998914,0.7959379999999783
97.904282,db,,1,0.3872860000000031,0.7745720000000063
98.291568,b,,2,0.3247860000000031,0.6495720000000063
98.616354,b,,3,0.3776709999999923,0.7553419999999846
98.994025,db,,1,0.4070510000000098,0.8141020000000196
99.401076,b,,2,0.3327989999999943,0.6655979999999886
99.733875,b,,3,0.4369650000000007,0.8739300000000014
100.17084,db,,1,0.38888900000000604,0.7777780000000121
100.559729,b,,2,0.3979700000000008,0.7959400000000016
100.957699,b,,3,0.39796899999998914,0.7959379999999783
101.355668,db,,1,0.3846150000000108,0.7692300000000216
101.740283,b,,2,0.36057699999999215,0.7211539999999843
102.10086,b,,3,0.3605760000000089,0.7211520000000178
102.461436,db,,1,0.36057699999999215,0.7211539999999843
102.822013,b,,2,0.372327999999996,0.744655999999992
103.194341,b,,3,0.3931620000000038,0.7863240000000076
103.587503,db,,1,0.5373930000000087,1.0747860000000173
104.124896,b,,2,0.5779909999999973,1.1559819999999945
104.702887,b,,3,0.5779909999999973,1.1559819999999945
105.280878,db,,1,0.4118579999999952,0.8237159999999903
105.692736,b,,2,0.41079100000000324,0.8215820000000065
106.103527,b,,3,0.47008399999999995,0.9401679999999999
106.573611,db,,1,0.43189100000000735,0.8637820000000147
107.005502,b,,2,0.43189099999999314,0.8637819999999863
107.437393,b,,3,0.38621700000001624,0.7724340000000325
107.82361000000002,db,,1,0.40277799999998365,0.8055559999999673
108.226388,b,,2,0.3840809999999948,0.7681619999999896
108.610469,b,,3,0.48343900000000417,0.9668780000000083
109.093908,db,,1,0.4073180000000036,0.8146360000000072
109.501226,b,,2,0.4073180000000036,0.8146360000000072
109.908544,b,,3,0.4481830000000002,0.8963660000000004
110.356727,db,,1,0.35897399999998925,0.7179479999999785
110.715701,b,,2,0.3942310000000049,0.7884620000000098
111.109932,b,,3,0.40811899999999923,0.8162379999999985
111.518051,db,,1,0.36858900000000006,0.7371780000000001
111.88664,b,,2,0.39850400000000263,0.7970080000000053
112.285144,b,,3,0.4070509999999956,0.8141019999999912
112.692195,db,,1,0.40918800000000033,0.8183760000000007
113.101383,b,,2,0.3920930000000027,0.7841860000000054
113.493476,b,,3,0.4188029999999969,0.8376059999999939
113.912279,db,,1,0.36004300000000455,0.7200860000000091
114.272322,b,,2,0.37820399999999665,0.7564079999999933
114.650526,b,,3,0.40064100000000735,0.8012820000000147
115.051167,db,,1,0.4166659999999922,0.8333319999999844
115.467833,b,,2,0.4027770000000004,0.8055540000000008
115.87061,b,,3,0.4797010000000057,0.9594020000000114
116.350311,db,,1,0.43189099999999314,0.8637819999999863
116.782202,b,,2,0.43188999999999567,0.8637799999999913
117.214092,b,,3,0.3616450000000242,0.7232900000000484
117.57573700000002,db,,1,0.39209399999998595,0.7841879999999719
117.967831,b,,2,0.4049139999999909,0.8098279999999818
118.372745,b,,3,0.4583330000000103,0.9166660000000206
118.831078,db,,1,0.42227499999999907,0.8445499999999981
119.253353,b,,2,0.42227599999999654,0.8445519999999931
119.675629,b,,3,0.4428410000000014,0.8856820000000027
120.11847,db,,1,0.3418800000000033,0.6837600000000066
120.46035,b,,2,0.3931619999999896,0.7863239999999792
120.853512,b,,3,0.44871700000000203,0.8974340000000041
121.302229,db,,1,0.38782000000000494,0.7756400000000099
121.690049,b,,2,0.39850400000000263,0.7970080000000053
122.088553,b,,3,0.41025599999998974,0.8205119999999795
122.498809,db,,1,0.4358970000000113,0.8717940000000226
122.934706,b,,2,0.38995699999999545,0.7799139999999909
123.324663,b,,3,0.3739309999999989,0.7478619999999978
123.698594,db,,1,0.366453000000007,0.732906000000014
124.065047,b,,2,0.36858900000000006,0.7371780000000001
124.433636,b,,3,0.3653849999999892,0.7307699999999784
124.799021,db,,1,0.3760680000000036,0.7521360000000072
125.175089,b,,2,0.35897400000000346,0.7179480000000069
125.534063,b,,3,0.3632470000000012,0.7264940000000024
125.89731,db,,1,0.3782049999999799,0.7564099999999598
126.27551499999998,b,,2,0.35576900000000933,0.7115380000000187
126.631284,b,,3,0.3728630000000095,0.745726000000019
127.004147,db,,1,0.3739309999999989,0.7478619999999978
127.378078,b,,2,0.35897400000000346,0.7179480000000069
127.737052,b,,3,0.33226499999997827,0.6645299999999565
128.06931699999998,db,,1,0.35576800000001185,0.7115360000000237
128.425085,b,,2,0.37072599999999056,0.7414519999999811
128.795811,b,,3,0.33760700000001975,0.6752140000000395
129.133418,db,,1,0.3536320000000046,0.7072640000000092
129.48705,b,,2,0.3108969999999829,0.6217939999999658
129.797947,b,,3,0.35149599999999737,0.7029919999999947
130.149443,db,,1,0.3514949999999999,0.7029899999999998
130.500938,b,,2,0.344017000000008,0.688034000000016
130.844955,b,,3,0.34828999999999155,0.6965799999999831
131.193245,db,,1,0.3632470000000012,0.7264940000000024
131.556492,b,,2,0.33760700000001975,0.6752140000000395
131.894099,b,,3,0.3536320000000046,0.7072640000000092
132.24773100000002,db,,1,0.3536319999999762,0.7072639999999524
132.601363,b,,2,0.35683700000001295,0.7136740000000259
132.9582,b,,3,0.3365389999999877,0.6730779999999754
133.294739,db,,1,0.3525630000000035,0.705126000000007
133.647302,b,,2,0.34508500000001163,0.6901700000000233
133.992387,b,,3,0.3360039999999742,0.6720079999999484
134.32839099999998,db,,1,0.34775600000000395,0.6955120000000079
134.676147,b,,2,0.36859000000001174,0.7371800000000235
135.044737,b,,3,0.32585399999999254,0.6517079999999851
135.370591,db,,1,0.3418800000000033,0.6837600000000066
135.712471,b,,2,0.3611110000000224,0.7222220000000448
136.07358200000002,b,,3,0.32799099999996884,0.6559819999999377
136.40157299999998,db,,1,0.3418800000000317,0.6837600000000634
136.74345300000002,b,,2,0.3621789999999976,0.7243579999999952
137.105632,b,,3,0.33867499999999495,0.6773499999999899
137.444307,db,,1,0.35042699999999627,0.7008539999999925
137.794734,b,,2,0.34935899999999265,0.6987179999999853
138.144093,b,,3,0.33867499999999495,0.6773499999999899
138.482768,db,,1,0.33600300000000516,0.6720060000000103
138.818771,b,,2,0.35042699999999627,0.7008539999999925
139.169198,b,,3,0.34241499999998837,0.6848299999999767
139.51161299999998,db,,1,0.34508400000001416,0.6901680000000283
139.856697,b,,2,0.3456199999999967,0.6912399999999934
140.202317,b,,3,0.334935999999999,0.669871999999998
140.537253,db,,1,0.34615300000001525,0.6923060000000305
140.883406,b,,2,0.3653840000000059,0.7307680000000119
141.24879,b,,3,0.3771369999999763,0.7542739999999526
141.625927,db,,1,0.3386750000000234,0.6773500000000467
141.964602,b,,2,0.3386739999999975,0.677347999999995
142.303276,b,,3,0.33867499999999495,0.6773499999999899
142.641951,db,,1,0.34508600000003753,0.6901720000000751
142.98703700000004,b,,2,0.3579049999999597,0.7158099999999195
143.344942,b,,3,0.41239300000000867,0.8247860000000173
143.757335,db,,1,0.3290599999999415,0.658119999999883
144.08639499999995,b,,2,0.3290590000000577,0.6581180000001154
144.415454,b,,3,0.3290599999999415,0.658119999999883
144.74451399999995,db,,1,0.358439000000061,0.716878000000122
145.102953,b,,2,0.343482999999992,0.686965999999984
145.446436,b,,3,0.4022429999999986,0.8044859999999971
145.848679,db,,1,0.42147399999998925,0.8429479999999785
146.270153,b,,2,0.42147400000001767,0.8429480000000353
146.691627,b,,3,0.42147399999998925,0.8429479999999785
147.113101,db,,1,0.3285250000000133,0.6570500000000266
147.441626,b,,2,0.36805499999999824,0.7361099999999965
147.809681,b,,3,0.43269199999997454,0.8653839999999491
148.242373,db,,1,0.4366090000000611,0.8732180000001222
148.67898200000005,b,,2,0.4366089999999474,0.8732179999998948
149.115591,b,,3,0.43660900000000424,0.8732180000000085
149.5522,db,,1,0.348290999999989,0.696581999999978
149.900491,b,,2,0.36004300000001876,0.7200860000000375
150.260534,b,,3,0.3530969999999911,0.7061939999999822
150.613631,db,,1,0.35950900000000274,0.7190180000000055
150.97314,b,,2,0.3424139999999909,0.6848279999999818
151.315554,b,,3,0.34828999999996313,0.6965799999999263
151.66384399999995,db,,1,0.34882500000003347,0.6976500000000669
152.012669,b,,2,0.3514949999999999,0.7029899999999998
152.364164,b,,3,0.33653800000001866,0.6730760000000373
152.700702,db,,1,0.3440169999999796,0.6880339999999592
153.044719,b,,2,0.330128000000002,0.660256000000004
153.374847,b,,3,0.3824780000000203,0.7649560000000406
153.757325,db,,1,0.3397429999999986,0.6794859999999971
154.097068,b,,2,0.3450849999999832,0.6901699999999664
154.442153,b,,3,0.3429490000000044,0.6858980000000088
154.785102,db,,1,0.3963669999999979,0.7927339999999958
155.181469,b,,2,0.33306600000005915,0.6661320000001183
155.51453500000005,b,,3,0.333064999999948,0.666129999999896
155.8476,db,,1,0.37019300000000044,0.7403860000000009
156.217793,b,,2,0.3386739999999975,0.677347999999995
156.556467,b,,3,0.35844000000000165,0.7168800000000033
156.914907,db,,1,0.28739300000000867,0.5747860000000173
157.2023,b,,2,0.4139949999999999,0.8279899999999998
157.616295,b,,3,0.36859000000004016,0.7371800000000803
157.98488500000005,db,,1,0.3579049999999029,0.7158099999998058
158.34278999999995,b,,2,0.34348300000004883,0.6869660000000977
158.686273,b,,3,0.334935999999999,0.669871999999998
159.021209,db,,1,0.3290590000000009,0.6581180000000018
159.350268,b,,2,0.3189100000000451,0.6378200000000902
159.66917800000004,b,,3,0.378203999999954,0.756407999999908
160.047382,db,,1,0.37019300000000044,0.7403860000000009
160.417575,b,,2,0.3536320000000046,0.7072640000000092
160.771207,b,,3,0.45192199999999616,0.9038439999999923
161.223129,db,,1,0.34989300000000867,0.6997860000000173
161.573022,b,,2,0.34989299999998025,0.6997859999999605
161.922915,b,,3,0.330128000000002,0.660256000000004
162.253043,db,,1,0.33760599999996543,0.6752119999999309
162.59064899999996,b,,2,0.32371800000004214,0.6474360000000843
162.914367,b,,3,0.3621789999999976,0.7243579999999952
163.276546,db,,1,0.34081199999999967,0.6816239999999993
163.617358,b,,2,0.35683700000001295,0.7136740000000259
163.974195,b,,3,0.371260000000035,0.74252000000007
164.34545500000004,db,,1,0.35309899999995764,0.7061979999999153
164.698554,b,,2,0.3605750000000114,0.7211500000000228
165.059129,b,,3,0.3685899999999833,0.7371799999999666
165.427719,db,,1,0.38782000000000494,0.7756400000000099
165.815539,b,,2,0.3637819999999863,0.7275639999999726
166.179321,b,,3,0.29914500000001,0.59829000000002
166.478466,db,,1,0.33867499999999495,0.6773499999999899
166.817141,b,,2,0.34615300000001525,0.6923060000000305
167.163294,b,,3,0.334401999999983,0.668803999999966
167.497696,db,,1,0.3493580000000236,0.6987160000000472
167.847054,b,,2,0.36004299999999034,0.7200859999999807
168.207097,b,,3,0.3856830000000002,0.7713660000000004
168.59278,db,,1,0.352564000000001,0.705128000000002
168.945344,b,,2,0.40117499999999495,0.8023499999999899
169.346519,b,,3,0.4236099999999965,0.847219999999993
169.770129,db,,1,0.37446599999995556,0.7489319999999111
170.14459499999995,b,,2,0.37446500000004335,0.7489300000000867
170.51906,b,,3,0.3920940000000144,0.7841880000000288
170.911154,db,,1,0.35897399999998925,0.7179479999999785
171.270128,b,,2,0.35897399999998925,0.7179479999999785
171.629102,b,,3,0.4423070000000564,0.8846140000001128
172.07140900000005,db,,1,0.3563029999999685,0.712605999999937
172.427712,b,,2,0.3563029999999401,0.7126059999998802
172.78401499999995,b,,3,0.44017100000004916,0.8803420000000983
173.224186,db,,1,0.4818369999999845,0.963673999999969
173.706023,b,,2,0.33707200000000626,0.6741440000000125
174.043095,b,,3,0.3317299999999932,0.6634599999999864
174.374825,db,,1,0.3290600000000268,0.6581200000000536
174.703885,b,,2,0.365918999999991,0.731837999999982
175.069804,b,,3,0.41292699999999627,0.8258539999999925
175.482731,db,,1,0.41452900000004433,0.8290580000000887
175.89726000000005,b,,2,0.37393099999994206,0.7478619999998841
176.271191,b,,3,0.33867499999996653,0.6773499999999331
176.60986599999995,db,,1,0.3814100000000451,0.7628200000000902
176.991276,b,,2,0.35790600000001405,0.7158120000000281
177.349182,b,,3,0.3621789999999976,0.7243579999999952
177.711361,db,,1,0.3835459999999955,0.767091999999991
178.094907,b,,2,0.3263889999999492,0.6527779999998984
178.42129599999996,b,,3,0.34401700000003643,0.6880340000000729
178.765313,db,,1,0.35470000000000823,0.7094000000000165
179.120013,b,,2,0.37019300000000044,0.7403860000000009
179.490206,b,,3,0.45085299999999506,0.9017059999999901
179.941059,db,,1,0.4145300000000134,0.8290600000000268
180.355589,b,,2,0.375,0.75
180.730589,b,,3,0.3653839999999775,0.730767999999955
181.095973,db,,1,0.36752000000001317,0.7350400000000263
181.463493,b,,2,0.36111199999999144,0.7222239999999829
181.824605,b,,3,0.3851490000000126,0.7702980000000252
182.209754,db,,1,0.3744649999999865,0.748929999999973
182.584219,b,,2,0.3429480000000069,0.6858960000000138
182.927167,b,,3,0.37072599999999056,0.7414519999999811
183.297893,db,,1,0.34615400000001273,0.6923080000000255
183.644047,b,,2,0.39209399999998595,0.7841879999999719
184.036141,b,,3,0.42414500000001,0.84829000000002
184.460286,db,,1,0.37713600000000724,0.7542720000000145
184.837422,b,,2,0.366453000000007,0.732906000000014
185.203875,b,,3,0.3675209999999822,0.7350419999999644
185.571396,db,,1,0.3744660000000124,0.7489320000000248
185.945862,b,,2,0.3488240000000076,0.6976480000000151
186.294686,b,,3,0.3942299999999932,0.7884599999999864
186.688916,db,,1,0.38140999999998826,0.7628199999999765
187.070326,b,,2,0.34935899999999265,0.6987179999999853
187.419685,b,,3,0.34508400000001416,0.6901680000000283
187.764769,db,,1,0.36912399999999934,0.7382479999999987
188.133893,b,,2,0.3669869999999946,0.7339739999999892
188.50088,b,,3,0.36111099999999396,0.7222219999999879
188.861991,db,,1,0.3611100000000249,0.7222200000000498
189.223101,b,,2,0.334935999999999,0.669871999999998
189.558037,b,,3,0.3402769999999862,0.6805539999999723
189.898314,db,,1,0.3627140000000111,0.7254280000000222
190.261028,b,,2,0.3648499999999899,0.7296999999999798
190.625878,b,,3,0.35523399999999583,0.7104679999999917
190.981112,db,,1,0.3648510000000158,0.7297020000000316
191.345963,b,,2,0.34561899999999923,0.6912379999999985
191.691582,b,,3,0.36805499999999824,0.7361099999999965
192.059637,db,,1,0.34935899999999265,0.6987179999999853
192.408996,b,,2,0.36645200000000955,0.7329040000000191
192.775448,b,,3,0.3637819999999863,0.7275639999999726
193.13923,db,,1,0.3706200000000024,0.7412400000000048
193.50985,b,,2,0.36228499999998576,0.7245699999999715
193.872135,b,,3,0.36004300000001876,0.7200860000000375
194.232178,db,,1,0.3808750000000032,0.7617500000000064
194.613053,b,,2,0.3584409999999991,0.7168819999999982
194.971494,b,,3,0.3808750000000032,0.7617500000000064
195.352369,db,,1,0.3448180000000036,0.6896360000000072
195.697187,b,,2,0.3448179999999752,0.6896359999999504
196.042005,b,,3,0.3520300000000134,0.7040600000000268
196.394035,db,,1,0.4818369999999845,0.963673999999969
196.875872,b,,2,0.41666600000002063,0.8333320000000413
197.292538,b,,3,0.4166659999999922,0.8333319999999844
197.709204,db,,1,0.5320509999999956,1.0641019999999912
198.241255,b,,2,0.3536320000000046,0.7072640000000092
198.594887,b,,3,0.3738580000000127,0.7477160000000254
198.968745,db,,1,0.3925079999999923,0.7850159999999846
199.361253,b,,2,0.3532909999999845,0.706581999999969
199.714544,b,,3,0.3867520000000013,0.7735040000000026
200.101296,db,,1,0.3643160000000023,0.7286320000000046
200.465612,b,,2,0.3472210000000189,0.6944420000000378
200.812833,b,,3,0.41452999999998497,0.8290599999999699
201.227363,db,,1,0.4113240000000076,0.8226480000000151
201.638687,b,,2,0.35950900000000274,0.7190180000000055
201.998196,b,,3,0.4059819999999945,0.811963999999989
202.404178,db,,1,0.3728629999999953,0.7457259999999906
202.777041,b,,2,0.4567299999999932,0.9134599999999864
203.233771,b,,3,0.3541670000000181,0.7083340000000362
203.587938,db,,1,0.36698599999999715,0.7339719999999943
203.954924,b,,2,0.356837999999982,0.713675999999964
204.311762,b,,3,0.352564000000001,0.705128000000002
204.664326,db,,1,0.3824780000000203,0.7649560000000406
205.046804,b,,2,0.37820399999998244,0.7564079999999649
205.425008,b,,3,0.366453000000007,0.732906000000014
205.791461,db,,1,0.366453000000007,0.732906000000014
206.157914,b,,2,0.37927299999998354,0.7585459999999671
206.537187,b,,3,0.3942300000000216,0.7884600000000432
206.931417,db,,1,0.41239299999998025,0.8247859999999605
207.34381,b,,2,0.35683700000001295,0.7136740000000259
207.700647,b,,3,0.37179499999999166,0.7435899999999833
208.072442,db,,1,0.3514949999999999,0.7029899999999998
208.423937,b,,2,0.3520300000000134,0.7040600000000268
208.775967,b,,3,0.3819440000000043,0.7638880000000086
209.157911,db,,1,0.3675209999999822,0.7350419999999644
209.525432,b,,2,0.34615300000001525,0.6923060000000305
209.871585,b,,3,0.39850400000000263,0.7970080000000053
210.270089,db,,1,0.3760679999999752,0.7521359999999504
210.646157,b,,2,0.4658110000000022,0.9316220000000044
211.111968,b,,3,0.36752100000001064,0.7350420000000213
211.479489,db,,1,0.36111099999999396,0.7222219999999879
211.8406,b,,2,0.4620720000000347,0.9241440000000694
212.30267200000003,b,,3,0.3546999999999798,0.7093999999999596
212.657372,db,,1,0.38141099999998573,0.7628219999999715
213.038783,b,,2,0.3648500000000183,0.7297000000000367
213.403633,b,,3,0.37019199999997454,0.7403839999999491
213.773825,db,,1,0.375534000000016,0.751068000000032
214.149359,b,,2,0.36004199999999287,0.7200839999999857
214.509401,b,,3,0.34935899999999265,0.6987179999999853
214.85876,db,,1,0.36752100000001064,0.7350420000000213
215.226281,b,,2,0.36111000000005333,0.7222200000001067
215.58739100000005,b,,3,0.34401699999995117,0.6880339999999023
215.931408,db,,1,0.383546999999993,0.767093999999986
216.314955,b,,2,0.34508500000001163,0.6901700000000233
216.66004,b,,3,0.3546999999999798,0.7093999999999596
217.01474,db,,1,0.36004300000001876,0.7200860000000375
217.374783,b,,2,0.35897399999998925,0.7179479999999785
217.733757,b,,3,0.36752100000001064,0.7350420000000213
218.101278,db,,1,0.3418800000000033,0.6837600000000066
218.443158,b,,2,0.3546999999999798,0.7093999999999596
218.797858,b,,3,0.35523500000002173,0.7104700000000435
219.153093,db,,1,0.34882399999997915,0.6976479999999583
219.501917,b,,2,0.33653800000001866,0.6730760000000373
219.838455,b,,3,0.3563039999999944,0.7126079999999888
220.194759,db,,1,0.35950800000000527,0.7190160000000105
220.554267,b,,2,0.3429479999999785,0.685895999999957
220.897215,b,,3,0.3504270000000247,0.7008540000000494
221.247642,db,,1,0.35897399999998925,0.7179479999999785
221.606616,b,,2,0.3418800000000033,0.6837600000000066
221.948496,b,,3,0.3434819999999945,0.686963999999989
222.291978,db,,1,0.34668800000002875,0.6933760000000575
222.63866600000003,b,,2,0.334401999999983,0.668803999999966
222.973068,b,,3,0.3429479999999785,0.685895999999957
223.316016,db,,1,0.3514949999999999,0.7029899999999998
223.667511,b,,2,0.3311960000000056,0.6623920000000112
223.998707,b,,3,0.3547010000000057,0.7094020000000114
224.353408,db,,1,0.34775600000000395,0.6955120000000079
224.701164,b,,2,0.3669869999999946,0.7339739999999892
225.068151,b,,3,0.34935899999999265,0.6987179999999853
225.41751,db,,1,0.33226400000003764,0.6645280000000753
225.74977400000003,b,,2,0.37072599999996214,0.7414519999999243
226.1205,b,,3,0.34722200000001635,0.6944440000000327
226.467722,db,,1,0.33760699999999133,0.6752139999999827
226.805329,b,,2,0.33867499999999495,0.6773499999999899
227.144004,b,,3,0.36004199999999287,0.7200839999999857
227.504046,db,,1,0.330662000000018,0.661324000000036
227.834708,b,,2,0.3434819999999945,0.686963999999989
228.17819,b,,3,0.3429490000000044,0.6858980000000088
228.521139,db,,1,0.33867499999999495,0.6773499999999899
228.859814,b,,2,0.3760680000000036,0.7521360000000072
229.235882,b,,3,0.3418800000000033,0.6837600000000066
229.577762,db,,1,0.34722199999998793,0.6944439999999759
229.924984,b,,2,0.36912300000000187,0.7382460000000037
230.294107,b,,3,0.384081000000009,0.768162000000018
230.678188,db,,1,0.3547010000000057,0.7094020000000114
231.032889,b,,2,0.3717939999999942,0.7435879999999884
231.404683,b,,3,0.42414499999998156,0.8482899999999631
231.828828,db,,1,0.3728630000000237,0.7457260000000474
232.201691,b,,2,0.3728629999999953,0.7457259999999906
232.574554,b,,3,0.3498919999999828,0.6997839999999655
232.924446,db,,1,0.3621800000000235,0.724360000000047
233.286626,b,,2,0.3568369999999845,0.713673999999969
233.643463,b,,3,0.4246789999999976,0.8493579999999952
234.068142,db,,1,0.36965800000001536,0.7393160000000307
234.4378,b,,2,0.36965799999998694,0.7393159999999739
234.807458,b,,3,0.35042699999999627,0.7008539999999925
235.157885,db,,1,0.37927300000001196,0.7585460000000239
235.537158,b,,2,0.3568369999999845,0.713673999999969
235.893995,b,,3,0.41773500000002173,0.8354700000000435
236.31173,db,,1,0.3290590000000009,0.6581180000000018
236.640789,b,,2,0.3247859999999889,0.6495719999999778
236.965575,b,,3,0.3536320000000046,0.7072640000000092
237.319207,db,,1,0.35149599999999737,0.7029919999999947
237.670703,b,,2,0.3653840000000059,0.7307680000000119
238.036087,b,,3,0.38888799999998014,0.7777759999999603
238.424975,db,,1,0.36698700000002304,0.7339740000000461
238.791962,b,,2,0.36698700000002304,0.7339740000000461
239.15894900000004,b,,3,0.3242509999999754,0.6485019999999508
239.4832,db,,1,0.3456199999999967,0.6912399999999934
239.82882,b,,2,0.3664529999999786,0.7329059999999572
240.195273,b,,3,0.40705100000002403,0.8141020000000481
240.602324,db,,1,0.36885599999999386,0.7377119999999877
240.97118,b,,2,0.36885599999999386,0.7377119999999877
241.340036,b,,3,0.3242520000000013,0.6485040000000026
241.664288,db,,1,0.3739319999999964,0.7478639999999928
242.03822,b,,2,0.3814089999999908,0.7628179999999816
242.419629,b,,3,0.3141030000000171,0.6282060000000342
242.733732,db,,1,0.3643160000000023,0.7286320000000046
243.098048,b,,2,0.3450849999999832,0.6901699999999664
243.443133,b,,3,0.3717940000000226,0.7435880000000452
243.814927,db,,1,0.3653839999999775,0.730767999999955
244.180311,b,,2,0.3311970000000031,0.6623940000000061
244.511508,b,,3,0.3317300000000216,0.6634600000000432
244.843238,db,,1,0.365384999999975,0.73076999999995
245.208623,b,,2,0.3504270000000247,0.7008540000000494
245.55905,b,,3,0.33813999999998146,0.6762799999999629
245.89719,db,,1,0.35523399999999583,0.7104679999999917
246.252424,b,,2,0.3418800000000033,0.6837600000000066
246.594304,b,,3,0.352564000000001,0.705128000000002
246.946868,db,,1,0.37873899999999594,0.7574779999999919
247.325607,b,,2,0.31837600000000066,0.6367520000000013
247.643983,b,,3,0.35844000000000165,0.7168800000000033
248.002423,db,,1,0.35950800000000527,0.7190160000000105
248.361931,b,,2,0.321581000000009,0.643162000000018
248.683512,b,,3,0.4059830000000204,0.8119660000000408
249.08949500000003,db,,1,0.3579049999999597,0.7158099999999195
249.4474,b,,2,0.32585500000001844,0.6517100000000369
249.773255,b,,3,0.3717940000000226,0.7435880000000452
250.14504900000003,db,,1,0.3696579999999585,0.739315999999917
250.514707,b,,2,0.33440100000001394,0.6688020000000279
250.849108,b,,3,0.40277800000001207,0.8055560000000241
251.251886,db,,1,0.3931619999999896,0.7863239999999792
251.645048,b,,2,0.3942299999999932,0.7884599999999864
252.039278,b,,3,0.3942299999999932,0.7884599999999864
252.433508,db,,1,0.36965800000001536,0.7393160000000307
252.803166,b,,2,0.3459760000000074,0.6919520000000148
253.149142,b,,3,0.3459749999999815,0.691949999999963
253.495117,db,,1,0.3459760000000358,0.6919520000000716
253.84109300000003,b,,2,0.3744649999999581,0.7489299999999162
254.215558,b,,3,0.3952990000000227,0.7905980000000454
254.610857,db,,1,0.5384609999999839,1.0769219999999677
