time,info,metrics,beat_number,duration,relative duration
2.071045,db,3/4,1,0.6960460000000004,1.3920920000000008
2.767091,b,,2,0.37713699999999983,0.7542739999999997
3.144228,b,,3,0.3611110000000002,0.7222220000000004
3.505339,db,,1,0.3632469999999999,0.7264939999999998
3.868586,b,,2,0.3130339999999996,0.6260679999999992
4.18162,b,,3,0.3477560000000004,0.6955120000000008
4.529376,db,,1,0.3701920000000003,0.7403840000000006
4.899568,b,,2,0.3199779999999999,0.6399559999999997
5.219546,b,,3,0.37446599999999997,0.7489319999999999
5.594012,db,,1,0.3408110000000013,0.6816220000000026
5.9348230000000015,b,,2,0.3547009999999986,0.7094019999999972
6.289524,b,,3,0.39529800000000037,0.7905960000000007
6.6848220000000005,db,,1,0.3247859999999996,0.6495719999999992
7.009608,b,,2,0.34829100000000146,0.6965820000000029
7.3578990000000015,b,,3,0.3739309999999989,0.7478619999999978
7.73183,db,,1,0.38354599999999905,0.7670919999999981
8.115376,b,,2,0.3739310000000007,0.7478620000000014
8.489307,b,,3,0.37393199999999993,0.7478639999999999
8.863239,db,,1,0.3611109999999993,0.7222219999999986
9.22435,b,,2,0.3365380000000009,0.6730760000000018
9.560888,b,,3,0.3653840000000006,0.7307680000000012
9.926272,db,,1,0.3427119999999988,0.6854239999999976
10.268984,b,,2,0.3389109999999995,0.677821999999999
10.607895,b,,3,0.37820500000000123,0.7564100000000025
10.9861,db,,1,0.34668800000000033,0.6933760000000007
11.332788,b,,2,0.3413449999999987,0.6826899999999974
11.674133,b,,3,0.36324800000000046,0.7264960000000009
12.037381,db,,1,0.3162389999999995,0.632477999999999
12.35362,b,,2,0.3386750000000003,0.6773500000000006
12.692295,b,,3,0.360043000000001,0.720086000000002
13.052338,db,,1,0.3514949999999999,0.7029899999999998
13.403833,b,,2,0.3814099999999989,0.7628199999999978
13.785243,b,,3,0.42200799999999994,0.8440159999999999
14.207251,db,,1,0.4193370000000005,0.838674000000001
14.626588,b,,2,0.4193370000000005,0.838674000000001
15.045925,b,,3,0.3632479999999987,0.7264959999999974
15.409173,db,,1,0.3707260000000012,0.7414520000000024
15.779899,b,,2,0.367521,0.735042
16.14742,b,,3,0.32692300000000074,0.6538460000000015
16.474343,db,,1,0.39957199999999915,0.7991439999999983
16.873915,b,,2,0.36324699999999766,0.7264939999999953
17.237161999999998,b,,3,0.37873900000000305,0.7574780000000061
17.615901,db,,1,0.36805499999999824,0.7361099999999965
17.983956,b,,2,0.35897500000000093,0.7179500000000019
18.342931,b,,3,0.3979689999999998,0.7959379999999996
18.7409,db,,1,0.41185899999999975,0.8237179999999995
19.152759,b,,2,0.4594009999999997,0.9188019999999995
19.61216,b,,3,0.3162389999999995,0.632477999999999
19.928399,db,,1,0.3728630000000024,0.7457260000000048
20.301262,b,,2,0.37499899999999897,0.7499979999999979
20.676261,b,,3,0.34187999999999974,0.6837599999999995
21.018141,db,,1,0.39423100000000133,0.7884620000000027
21.412372,b,,2,0.38461500000000015,0.7692300000000003
21.796987,b,,3,0.4294869999999982,0.8589739999999964
22.226474,db,,1,0.3643150000000013,0.7286300000000026
22.590789,b,,2,0.3904910000000008,0.7809820000000016
22.98128,b,,3,0.40010699999999844,0.8002139999999969
23.381387,db,,1,0.4198720000000016,0.8397440000000032
23.801259,b,,2,0.419870999999997,0.839741999999994
24.22113,b,,3,0.38995700000000255,0.7799140000000051
24.611087,db,,1,0.39075799999999816,0.7815159999999963
25.001845,b,,2,0.3907580000000017,0.7815160000000034
25.392603,b,,3,0.4118579999999987,0.8237159999999975
25.804461,db,,1,0.4139960000000009,0.8279920000000018
26.218457,b,,2,0.4139949999999999,0.8279899999999998
26.632452,b,,3,0.4059829999999991,0.8119659999999982
27.038435,db,,1,0.4615380000000009,0.9230760000000018
27.499973,b,,2,0.3237170000000056,0.6474340000000112
27.823690000000006,b,,3,0.34455099999999206,0.6891019999999841
28.168241,db,,1,0.33173100000000133,0.6634620000000027
28.499972,b,,2,0.37499899999999897,0.7499979999999979
28.874971,b,,3,0.4316240000000029,0.8632480000000058
29.306595,db,,1,0.412391999999997,0.824783999999994
29.718987,b,,2,0.39316200000000023,0.7863240000000005
30.112149,b,,3,0.3311969999999995,0.662393999999999
30.443346,db,,1,0.43429400000000484,0.8685880000000097
30.877640000000003,b,,2,0.36485000000000056,0.7297000000000011
31.242490000000004,b,,3,0.3766029999999958,0.7532059999999916
31.619093,db,,1,0.40972100000000466,0.8194420000000093
32.028814000000004,b,,2,0.3653839999999988,0.7307679999999976
32.394198,b,,3,0.3862179999999924,0.7724359999999848
32.780415999999995,db,,1,0.35149600000000447,0.7029920000000089
33.131912,b,,2,0.3605760000000018,0.7211520000000036
33.492488,b,,3,0.39583199999999863,0.7916639999999973
33.88832,db,,1,0.3648510000000016,0.7297020000000032
34.253171,b,,2,0.4038460000000015,0.807692000000003
34.657017,b,,3,0.3536319999999975,0.707263999999995
35.010649,db,,1,0.412391999999997,0.824783999999994
35.423041,b,,2,0.38247900000000357,0.7649580000000071
35.80552,b,,3,0.360042,0.720084
36.165562,db,,1,0.4035790000000006,0.8071580000000012
36.569141,b,,2,0.4035790000000006,0.8071580000000012
36.97272,b,,3,0.3563029999999969,0.7126059999999939
37.329023,db,,1,0.40064000000000277,0.8012800000000055
37.729663,b,,2,0.38140999999999536,0.7628199999999907
38.111073,b,,3,0.4043800000000033,0.8087600000000066
38.515453,db,,1,0.39049099999999726,0.7809819999999945
38.905944,b,,2,0.3536320000000046,0.7072640000000092
39.259576,b,,3,0.3514949999999999,0.7029899999999998
39.611071,db,,1,0.3509609999999981,0.7019219999999962
39.962032,b,,2,0.38194500000000176,0.7638900000000035
40.343977,b,,3,0.40811899999999923,0.8162379999999985
40.752096,db,,1,0.36752099999999643,0.7350419999999929
41.119617,b,,2,0.3514949999999999,0.7029899999999998
41.471112,b,,3,0.37179499999999877,0.7435899999999975
41.842907,db,,1,0.35523400000000294,0.7104680000000059
42.198141,b,,2,0.35897500000000093,0.7179500000000019
42.557116,b,,3,0.3317300000000003,0.6634600000000006
42.888846,db,,1,0.46331200000000194,0.9266240000000039
43.352158,b,,2,0.42824699999999893,0.8564939999999979
43.780405,b,,3,0.34775599999999685,0.6955119999999937
44.128161,db,,1,0.3931620000000038,0.7863240000000076
44.521323,b,,2,0.4188029999999969,0.8376059999999939
44.940126,b,,3,0.404913999999998,0.809827999999996
45.34504,db,,1,0.40037300000000187,0.8007460000000037
45.745413,b,,2,0.40037399999999934,0.8007479999999987
46.145787,b,,3,0.3477570000000014,0.6955140000000029
46.493544,db,,1,0.47969899999999654,0.9593979999999931
46.973243,b,,2,0.5173610000000011,1.0347220000000021
47.490604,b,,3,0.7673839999999998,1.5347679999999997
48.257988,db,,1,0.4428180000000026,0.8856360000000052
48.700806,b,,2,0.397435999999999,0.794871999999998
49.098242,b,,3,0.4693540000000027,0.9387080000000054
49.567596,db,,1,0.42094499999999613,0.8418899999999923
49.988541,b,,2,0.431280000000001,0.862560000000002
50.419821,b,,3,0.4679490000000044,0.9358980000000088
50.88777,db,,1,0.3835459999999955,0.767091999999991
51.271316,b,,2,0.38034200000001306,0.7606840000000261
51.65165800000001,b,,3,0.4049139999999909,0.8098279999999818
52.056572,db,,1,0.41239299999999446,0.8247859999999889
52.468965,b,,2,0.44764800000000093,0.8952960000000019
52.916613,b,,3,0.470086000000002,0.940172000000004
53.386699,db,,1,0.43055500000001246,0.8611100000000249
53.81725400000001,b,,2,0.378204999999987,0.756409999999974
54.195459,b,,3,0.41880199999999945,0.8376039999999989
54.614261,db,,1,0.397435999999999,0.794871999999998
55.011697,b,,2,0.34722199999999503,0.6944439999999901
55.35891899999999,b,,3,0.3931620000000038,0.7863240000000076
55.752081,db,,1,0.3867520000000013,0.7735040000000026
56.138833,b,,2,0.38782000000000494,0.7756400000000099
56.526653,b,,3,0.4337599999999995,0.867519999999999
56.960413,db,,1,0.37072599999999767,0.7414519999999953
57.331139,b,,2,0.4049140000000122,0.8098280000000244
57.73605300000001,b,,3,0.40064099999997893,0.8012819999999579
58.13669399999999,db,,1,0.3958330000000103,0.7916660000000206
58.532527,b,,2,0.3819439999999972,0.7638879999999943
58.914471,b,,3,0.35630300000000403,0.7126060000000081
59.270774,db,,1,0.3856839999999906,0.7713679999999812
59.65645799999999,b,,2,0.3595070000000078,0.7190140000000156
60.015965,b,,3,0.4049149999999955,0.809829999999991
60.42088,db,,1,0.3856830000000002,0.7713660000000004
60.806563,b,,2,0.38782000000000494,0.7756400000000099
61.194383,b,,3,0.42307699999999926,0.8461539999999985
61.61746,db,,1,0.3963669999999979,0.7927339999999958
62.013827,b,,2,0.43162300000000187,0.8632460000000037
62.44545,b,,3,0.45405999999999835,0.9081199999999967
62.89951,db,,1,0.39850400000000263,0.7970080000000053
63.298014,b,,2,0.394763999999995,0.78952799999999
63.692778,b,,3,0.36859000000000464,0.7371800000000093
64.061368,db,,1,0.3643149999999906,0.7286299999999812
64.42568299999999,b,,2,0.38995700000000966,0.7799140000000193
64.81564,b,,3,0.37980799999999704,0.7596159999999941
65.195448,db,,1,0.40811899999999923,0.8162379999999985
65.603567,b,,2,0.39957200000000626,0.7991440000000125
66.003139,b,,3,0.408118999999985,0.81623799999997
66.41125799999999,db,,1,0.39957300000001794,0.7991460000000359
66.81083100000001,b,,2,0.3985039999999884,0.7970079999999768
67.209335,b,,3,0.39743500000000154,0.7948700000000031
67.60677,db,,1,0.4038460000000015,0.807692000000003
68.010616,b,,2,0.37713600000000724,0.7542720000000145
68.387752,b,,3,0.4049139999999909,0.8098279999999818
68.792666,db,,1,0.3942310000000049,0.7884620000000098
69.186897,b,,2,0.3963669999999979,0.7927339999999958
69.583264,b,,3,0.4038460000000015,0.807692000000003
69.98711,db,,1,0.39102499999999907,0.7820499999999981
70.378135,b,,2,0.38888799999999435,0.7777759999999887
70.767023,b,,3,0.392628000000002,0.785256000000004
71.159651,db,,1,0.4075849999999974,0.8151699999999948
71.567236,b,,2,0.40064100000000735,0.8012820000000147
71.967877,b,,3,0.3808750000000032,0.7617500000000064
72.348752,db,,1,0.4075859999999949,0.8151719999999898
72.756338,b,,2,0.38995599999999797,0.7799119999999959
73.146294,b,,3,0.39209400000000016,0.7841880000000003
73.538388,db,,1,0.4145300000000276,0.8290600000000552
73.95291800000003,b,,2,0.38995599999996955,0.7799119999999391
74.342874,b,,3,0.39903800000000444,0.7980760000000089
74.741912,db,,1,0.3990390000000019,0.7980780000000038
75.140951,b,,2,0.3942300000000216,0.7884600000000432
75.53518100000002,b,,3,0.3856829999999718,0.7713659999999436
75.920864,db,,1,0.38675200000002974,0.7735040000000595
76.30761600000002,b,,2,0.40544899999997597,0.8108979999999519
76.713065,b,,3,0.39476400000002343,0.7895280000000469
77.10782900000002,db,,1,0.3755339999999734,0.7510679999999468
77.483363,b,,2,0.424679000000026,0.849358000000052
77.90804200000002,b,,3,0.40277699999997196,0.8055539999999439
78.310819,db,,1,0.4070509999999814,0.8141019999999628
78.71786999999998,b,,2,0.35683699999999874,0.7136739999999975
79.07470699999998,b,,3,0.41025600000001816,0.8205120000000363
79.484963,db,,1,0.4332260000000048,0.8664520000000095
79.918189,b,,2,0.3680559999999957,0.7361119999999914
80.286245,b,,3,0.4337600000000066,0.8675200000000132
80.720005,db,,1,0.3605760000000231,0.7211520000000462
81.08058100000002,b,,2,0.36111099999997975,0.7222219999999595
81.441692,b,,3,0.41078999999999155,0.8215799999999831
81.852482,db,,1,0.3685899999999833,0.7371799999999666
82.22107199999998,b,,2,0.384615000000025,0.76923000000005
82.605687,b,,3,0.39316199999997536,0.7863239999999507
82.99884899999998,db,,1,0.4134600000000148,0.8269200000000296
83.412309,b,,2,0.3744660000000124,0.7489320000000248
83.786775,b,,3,0.4257479999999987,0.8514959999999974
84.212523,db,,1,0.4476489999999984,0.8952979999999968
84.660172,b,,2,0.397435999999999,0.794871999999998
85.057608,b,,3,0.44337499999997476,0.8867499999999495
85.50098299999998,db,,1,0.41933699999999874,0.8386739999999975
85.92031999999998,b,,2,0.41933699999999874,0.8386739999999975
86.33965699999997,b,,3,0.4102560000000324,0.8205120000000647
86.749913,db,,1,0.3979699999999866,0.7959399999999732
87.147883,b,,2,0.40871700000001,0.81743400000002
87.5566,b,,3,0.475363999999999,0.950727999999998
88.031964,db,,1,0.42093900000000417,0.8418780000000083
88.452903,b,,2,0.42094000000001586,0.8418800000000317
88.87384300000002,b,,3,0.4059819999999803,0.8119639999999606
89.279825,db,,1,0.3963669999999979,0.7927339999999958
89.676192,b,,2,0.38247899999997514,0.7649579999999503
90.05867099999998,b,,3,0.4113240000000218,0.8226480000000436
90.469995,db,,1,0.3942300000000074,0.7884600000000148
90.864225,b,,2,0.35790599999999984,0.7158119999999997
91.222131,b,,3,0.43269199999998875,0.8653839999999775
91.654823,db,,1,0.39209400000000016,0.7841880000000003
92.046917,b,,2,0.3942300000000074,0.7884600000000148
92.441147,b,,3,0.4455119999999937,0.8910239999999874
92.886659,db,,1,0.42067300000000785,0.8413460000000157
93.307332,b,,2,0.42067199999999616,0.8413439999999923
93.728004,b,,3,0.3979700000000008,0.7959400000000016
94.125974,db,,1,0.3680559999999957,0.7361119999999914
94.49403,b,,2,0.4027760000000029,0.8055520000000058
94.896806,b,,3,0.4487179999999995,0.897435999999999
95.345524,db,,1,0.42307700000000636,0.8461540000000127
95.768601,b,,2,0.4230759999999947,0.8461519999999894
96.191677,b,,3,0.40010700000000554,0.8002140000000111
96.591784,db,,1,0.38888799999999435,0.7777759999999887
96.980672,b,,2,0.40064100000000735,0.8012820000000147
97.381313,b,,3,0.4182689999999951,0.8365379999999902
97.799582,db,,1,0.40117499999999495,0.8023499999999899
98.200757,b,,2,0.3931620000000038,0.7863240000000076
98.593919,b,,3,0.3942300000000074,0.7884600000000148
98.988149,db,,1,0.3985039999999884,0.7970079999999768
99.386653,b,,2,0.3952990000000085,0.790598000000017
99.781952,b,,3,0.3878199999999907,0.7756399999999815
100.169772,db,,1,0.35470000000000823,0.7094000000000165
100.524472,b,,2,0.37179499999999166,0.7435899999999833
100.896267,b,,3,0.3600420000000071,0.7200840000000142
101.256309,db,,1,0.3824779999999919,0.7649559999999838
101.638787,b,,2,0.3621800000000093,0.7243600000000185
102.000967,b,,3,0.4476489999999984,0.8952979999999968
102.448616,db,,1,0.4433750000000032,0.8867500000000064
102.891991,b,,2,0.36004299999999034,0.7200859999999807
103.252034,b,,3,0.3856830000000002,0.7713660000000004
103.637717,db,,1,0.39850400000000263,0.7970080000000053
104.036221,b,,2,0.35042699999999627,0.7008539999999925
104.386648,b,,3,0.4054480000000069,0.8108960000000138
104.792096,db,,1,0.3819440000000043,0.7638880000000086
105.17404,b,,2,0.3659179999999935,0.731835999999987
105.539958,b,,3,0.38087600000000066,0.7617520000000013
105.920834,db,,1,0.39850400000000263,0.7970080000000053
106.319338,b,,2,0.3846149999999966,0.7692299999999932
106.703953,b,,3,0.3958329999999961,0.7916659999999922
107.099786,db,,1,0.49412399999999934,0.9882479999999987
107.59391,b,,2,0.3979700000000008,0.7959400000000016
107.99188,b,,3,0.39796900000000335,0.7959380000000067
108.389849,db,,1,0.44016999999999484,0.8803399999999897
108.830019,b,,2,0.39075800000000527,0.7815160000000105
109.220777,b,,3,0.39075900000001695,0.7815180000000339
109.61153600000002,db,,1,0.3637809999999888,0.7275619999999776
109.975317,b,,2,0.4262820000000005,0.852564000000001
110.401599,b,,3,0.4262820000000005,0.852564000000001
110.827881,db,,1,0.4764949999999999,0.9529899999999998
111.304376,b,,2,0.5293799999999891,1.0587599999999782
111.833756,b,,3,0.5293790000000058,1.0587580000000116
112.363135,db,,1,0.4577989999999943,0.9155979999999886
112.820934,b,,2,0.37873900000001015,0.7574780000000203
113.199673,b,,3,0.5053419999999988,1.0106839999999977
113.705015,db,,1,0.43002000000001317,0.8600400000000263
114.13503500000002,b,,2,0.4300209999999822,0.8600419999999644
114.565056,b,,3,0.43162399999999934,0.8632479999999987
114.99668,db,,1,0.4059820000000087,0.8119640000000174
115.402662,b,,2,0.41132499999999084,0.8226499999999817
115.813987,b,,3,0.4583329999999961,0.9166659999999922
116.27232,db,,1,0.43936900000001344,0.8787380000000269
116.711689,b,,2,0.43936899999999923,0.8787379999999985
117.151058,b,,3,0.49572599999999056,0.9914519999999811
117.646784,db,,1,0.38942300000000785,0.7788460000000157
118.036207,b,,2,0.3931619999999896,0.7863239999999792
118.429369,b,,3,0.4551270000000045,0.910254000000009
118.884496,db,,1,0.36858999999999753,0.7371799999999951
119.253086,b,,2,0.4166660000000064,0.8333320000000128
119.669752,b,,3,0.45085399999999254,0.9017079999999851
120.120606,db,,1,0.3867520000000013,0.7735040000000026
120.507358,b,,2,0.41025600000000395,0.8205120000000079
120.917614,b,,3,0.4561960000000056,0.9123920000000112
121.37381,db,,1,0.36965799999998694,0.7393159999999739
121.743468,b,,2,0.3600420000000071,0.7200840000000142
122.10351,b,,3,0.41346199999999556,0.8269239999999911
122.516972,db,,1,0.426281000000003,0.852562000000006
122.943253,b,,2,0.37820500000000834,0.7564100000000167
123.321458,b,,3,0.502135999999993,1.004271999999986
123.823594,db,,1,0.4182689999999951,0.8365379999999902
124.241863,b,,2,0.41826900000000933,0.8365380000000187
124.660132,b,,3,0.41880300000001114,0.8376060000000223
125.07893500000002,db,,1,0.408118999999985,0.81623799999997
125.487054,b,,2,0.4161330000000163,0.8322660000000326
125.90318700000002,b,,3,0.48130199999998524,0.9626039999999705
126.384489,db,,1,0.4377669999999938,0.8755339999999876
126.822256,b,,2,0.437767000000008,0.875534000000016
127.260023,b,,3,0.49358900000001427,0.9871780000000285
127.75361200000002,db,,1,0.36912299999998766,0.7382459999999753
128.122735,b,,2,0.3985039999999742,0.7970079999999484
128.52123899999998,b,,3,0.4577990000000227,0.9155980000000454
128.979038,db,,1,0.4193369999999845,0.838673999999969
129.398375,b,,2,0.41987100000000055,0.8397420000000011
129.818246,b,,3,0.4561960000000056,0.9123920000000112
130.274442,db,,1,0.438034000000016,0.876068000000032
130.712476,b,,2,0.41452999999998497,0.8290599999999699
131.127006,b,,3,0.41987100000000055,0.8397420000000011
131.546877,db,,1,0.39850400000000263,0.7970080000000053
131.945381,b,,2,0.3920940000000144,0.7841880000000288
132.337475,b,,3,0.40704999999999814,0.8140999999999963
132.744525,db,,1,0.37286299999996686,0.7457259999999337
133.11738799999998,b,,2,0.37606800000003204,0.7521360000000641
133.493456,b,,3,0.4252129999999852,0.8504259999999704
133.918669,db,,1,0.3846160000000225,0.769232000000045
134.30328500000002,b,,2,0.38675100000000384,0.7735020000000077
134.69003600000002,b,,3,0.39209399999998595,0.7841879999999719
135.08213,db,,1,0.39850400000000263,0.7970080000000053
135.480634,b,,2,0.3931619999999896,0.7863239999999792
135.873796,b,,3,0.39423099999999067,0.7884619999999813
136.268027,db,,1,0.4049129999999934,0.8098259999999868
136.67293999999998,b,,2,0.401709000000011,0.803418000000022
137.074649,b,,3,0.3942310000000191,0.7884620000000382
137.46888,db,,1,0.3974349999999731,0.7948699999999462
137.866315,b,,2,0.4070509999999956,0.8141019999999912
138.27336599999998,b,,3,0.39903800000001866,0.7980760000000373
138.672404,db,,1,0.406517000000008,0.813034000000016
139.078921,b,,2,0.3952989999999943,0.7905979999999886
139.47422,b,,3,0.39102499999998486,0.7820499999999697
139.865245,db,,1,0.38995700000000966,0.7799140000000193
140.255202,b,,2,0.4262809999999888,0.8525619999999776
140.681483,b,,3,0.38675200000005816,0.7735040000001163
141.06823500000004,db,,1,0.41987100000000055,0.8397420000000011
141.48810600000004,b,,2,0.3995729999999469,0.7991459999998938
141.887679,b,,3,0.3824780000000203,0.7649560000000406
142.270157,db,,1,0.3974349999999447,0.7948699999998894
142.66759199999996,b,,2,0.4027780000000405,0.805556000000081
143.07037,b,,3,0.3814100000000167,0.7628200000000334
143.45178,db,,1,0.4123919999999828,0.8247839999999655
143.864172,b,,2,0.39209399999995753,0.7841879999999151
144.25626599999995,b,,3,0.39743600000005586,0.7948720000001117
144.653702,db,,1,0.36965699999998947,0.7393139999999789
145.023359,b,,2,0.40064100000000735,0.8012820000000147
145.424,b,,3,0.39850400000000263,0.7970080000000053
145.822504,db,,1,0.3931619999999896,0.7863239999999792
146.215666,b,,2,0.39743500000000154,0.7948700000000031
146.613101,b,,3,0.3862180000000137,0.7724360000000274
146.999319,db,,1,0.3862169999999878,0.7724339999999756
147.385536,b,,2,0.40491499999998837,0.8098299999999767
147.790451,b,,3,0.3952979999999968,0.7905959999999936
148.185749,db,,1,0.43269300000000044,0.8653860000000009
148.618442,b,,2,0.3579040000000191,0.7158080000000382
148.976346,b,,3,0.4113249999999482,0.8226499999998964
149.38767099999995,db,,1,0.39903900000004455,0.7980780000000891
149.78671,b,,2,0.3611099999999965,0.722219999999993
150.14782,b,,3,0.3712600000000066,0.7425200000000132
150.51908,db,,1,0.38888900000000604,0.7777780000000121
150.907969,b,,2,0.3824779999999919,0.7649559999999838
151.290447,b,,3,0.42094000000000165,0.8418800000000033
151.711387,db,,1,0.5046289999999942,1.0092579999999884
152.216016,b,,2,0.5046289999999942,1.0092579999999884
152.720645,b,,3,0.5046290000000226,1.0092580000000453
153.225274,db,,1,0.4070509999999956,0.8141019999999912
153.632325,b,,2,0.3621789999999976,0.7243579999999952
153.994504,b,,3,0.41025600000000395,0.8205120000000079
154.40476,db,,1,0.5523499999999899,1.1046999999999798
154.95711,b,,2,0.5523500000000467,1.1047000000000935
155.50946000000005,b,,3,0.5523499999999615,1.104699999999923
156.06181,db,,1,0.38728499999999144,0.7745699999999829
156.449095,b,,2,0.39903900000004455,0.7980780000000891
156.84813400000004,b,,3,0.43536299999996686,0.8707259999999337
157.283497,db,,1,0.5938380000000336,1.1876760000000672
157.87733500000004,b,,2,0.5938379999999484,1.1876759999998967
158.471173,b,,3,0.5938390000000311,1.1876780000000622
159.06501200000002,db,,1,0.3733969999999829,0.7467939999999658
159.438409,b,,2,0.3985039999999458,0.7970079999998916
159.83691299999995,b,,3,0.5037390000000528,1.0074780000001056
160.340652,db,,1,0.7868579999999952,1.5737159999999903
161.12751,b,,2,0.7868579999999952,1.5737159999999903
161.914368,b,,3,0.7868579999999952,1.5737159999999903
162.701226,db,,1,0.5368590000000211,1.0737180000000421
163.238085,b,,2,0.3744649999999865,0.748929999999973
163.61255,b,,3,0.4006409999999505,0.801281999999901
164.01319099999995,db,,1,0.389422000000053,0.778844000000106
164.402613,b,,2,0.3851489999999842,0.7702979999999684
164.787762,b,,3,0.3920940000000144,0.7841880000000288
165.179856,db,,1,0.365918999999991,0.731837999999982
165.545775,b,,2,0.38835400000002096,0.7767080000000419
165.934129,b,,3,0.3979699999999866,0.7959399999999732
166.332099,db,,1,0.39957200000000626,0.7991440000000125
166.731671,b,,2,0.3579059999999856,0.7158119999999712
167.089577,b,,3,0.5160250000000133,1.0320500000000266
167.605602,db,,1,0.3771359999999504,0.7542719999999008
167.98273799999996,b,,2,0.39743600000005586,0.7948720000001117
168.380174,b,,3,0.3814089999999908,0.7628179999999816
168.761583,db,,1,0.43269200000000296,0.8653840000000059
169.194275,b,,2,0.4473820000000046,0.8947640000000092
169.641657,b,,3,0.4473820000000046,0.8947640000000092
170.089039,db,,1,0.40224399999999605,0.8044879999999921
170.491283,b,,2,0.3985030000000336,0.7970060000000672
170.88978600000004,b,,3,0.39957300000000373,0.7991460000000075
171.28935900000005,db,,1,0.3279909999999404,0.6559819999998808
171.61735,b,,2,0.4668800000000033,0.9337600000000066
172.08423,b,,3,0.41880300000005377,0.8376060000001075
172.50303300000004,db,,1,0.392628000000002,0.785256000000004
172.89566100000005,b,,2,0.3835459999999671,0.7670919999999342
173.279207,b,,3,0.42414499999998156,0.8482899999999631
173.703352,db,,1,0.3445509999999956,0.6891019999999912
174.047903,b,,2,0.370726000000019,0.741452000000038
174.418629,b,,3,0.4049139999999909,0.8098279999999818
174.823543,db,,1,0.3675209999999538,0.7350419999999076
175.19106399999995,b,,2,0.42841900000004784,0.8568380000000957
175.619483,b,,3,0.44123799999999846,0.8824759999999969
176.060721,db,,1,0.4177349999999933,0.8354699999999866
176.478456,b,,2,0.4177349999999933,0.8354699999999866
176.896191,b,,3,0.37713600000000724,0.7542720000000145
177.273327,db,,1,0.3867520000000013,0.7735040000000026
177.660079,b,,2,0.39743500000000154,0.7948700000000031
178.057514,b,,3,0.3269230000000505,0.653846000000101
178.38443700000005,db,,1,0.4220079999999484,0.8440159999998968
178.806445,b,,2,0.39209399999995753,0.7841879999999151
179.19853899999995,b,,3,0.4225420000000497,0.8450840000000994
179.621081,db,,1,0.3936970000000031,0.7873940000000061
180.014778,b,,2,0.40811899999999923,0.8162379999999985
180.422897,b,,3,0.4444440000000043,0.8888880000000086
180.867341,db,,1,0.4385669999999777,0.8771339999999554
181.305908,b,,2,0.44070500000000834,0.8814100000000167
181.746613,b,,3,0.34508500000001163,0.6901700000000233
182.091698,db,,1,0.38995699999998124,0.7799139999999625
182.481655,b,,2,0.42200800000000527,0.8440160000000105
182.903663,b,,3,0.35576900000000933,0.7115380000000187
183.259432,db,,1,0.419871999999998,0.839743999999996
183.679304,b,,2,0.3963669999999979,0.7927339999999958
184.075671,b,,3,0.4487169999999878,0.8974339999999756
184.524388,db,,1,0.42094000000000165,0.8418800000000033
184.945328,b,,2,0.41239300000000867,0.8247860000000173
185.357721,b,,3,0.4230760000000089,0.8461520000000178
185.780797,db,,1,0.43322599999999056,0.8664519999999811
186.214023,b,,2,0.43322599999999056,0.8664519999999811
186.647249,b,,3,0.4134610000000123,0.8269220000000246
187.06071,db,,1,0.41239300000000867,0.8247860000000173
187.473103,b,,2,0.41239299999998025,0.8247859999999605
187.885496,b,,3,0.44123900000002436,0.8824780000000487
188.326735,db,,1,0.4604699999999866,0.9209399999999732
188.787205,b,,2,0.46046899999998914,0.9209379999999783
189.247674,b,,3,0.3910250000000133,0.7820500000000266
189.638699,db,,1,0.48504299999999034,0.9700859999999807
190.123742,b,,2,0.32425100000000384,0.6485020000000077
190.447993,b,,3,0.37126100000000406,0.7425220000000081
190.819254,db,,1,0.37713600000000724,0.7542720000000145
191.19639,b,,2,0.3771370000000047,0.7542740000000094
191.573527,b,,3,0.4487169999999878,0.8974339999999756
192.022244,db,,1,0.4166659999999922,0.8333319999999844
192.43891,b,,2,0.4262820000000147,0.8525640000000294
192.865192,b,,3,0.3333329999999819,0.6666659999999638
193.198525,db,,1,0.4439100000000167,0.8878200000000334
193.642435,b,,2,0.3637809999999888,0.7275619999999776
194.006216,b,,3,0.38141100000001416,0.7628220000000283
194.387627,db,,1,0.41880199999999945,0.8376039999999989
194.806429,b,,2,0.3733969999999829,0.7467939999999658
195.179826,b,,3,0.38942300000002206,0.7788460000000441
195.569249,db,,1,0.37072699999998804,0.7414539999999761
195.939976,b,,2,0.37660099999999375,0.7532019999999875
196.316577,b,,3,0.4172010000000057,0.8344020000000114
196.733778,db,,1,0.406517000000008,0.813034000000016
197.140295,b,,2,0.4011739999999975,0.802347999999995
197.541469,b,,3,0.38034199999998464,0.7606839999999693
197.921811,db,,1,0.39583200000001284,0.7916640000000257
198.317643,b,,2,0.3776709999999923,0.7553419999999846
198.695314,b,,3,0.3723280000000102,0.7446560000000204
199.067642,db,,1,0.3958340000000078,0.7916680000000156
199.463476,b,,2,0.38835399999999254,0.7767079999999851
199.85183,b,,3,0.3659179999999935,0.731835999999987
200.217748,db,,1,0.35042799999999374,0.7008559999999875
200.568176,b,,2,0.40117499999999495,0.8023499999999899
200.969351,b,,3,0.39583200000001284,0.7916640000000257
201.365183,db,,1,0.455128000000002,0.910256000000004
201.820311,b,,2,0.41239300000000867,0.8247860000000173
202.232704,b,,3,0.33920899999998255,0.6784179999999651
202.571913,db,,1,0.43215800000001536,0.8643160000000307
203.004071,b,,2,0.3814089999999908,0.7628179999999816
203.38548,b,,3,0.40117499999999495,0.8023499999999899
203.786655,db,,1,0.384081000000009,0.768162000000018
204.170736,b,,2,0.4043800000000033,0.8087600000000066
204.575116,b,,3,0.3648499999999899,0.7296999999999798
204.939966,db,,1,0.3867520000000013,0.7735040000000026
205.326718,b,,2,0.3846149999999966,0.7692299999999932
205.711333,b,,3,0.40010699999999133,0.8002139999999827
206.11144,db,,1,0.3605760000000089,0.7211520000000178
206.472016,b,,2,0.3611099999999965,0.722219999999993
206.833126,b,,3,0.3637820000000147,0.7275640000000294
207.196908,db,,1,0.3456199999999967,0.6912399999999934
207.542528,b,,2,0.40063999999998146,0.8012799999999629
207.943168,b,,3,0.38995700000000966,0.7799140000000193
208.333125,db,,1,0.393162000000018,0.786324000000036
208.726287,b,,2,0.3327989999999943,0.6655979999999886
209.059086,b,,3,0.3530979999999886,0.7061959999999772
209.412184,db,,1,0.3851490000000126,0.7702980000000252
209.797333,b,,2,0.35737100000000055,0.7147420000000011
210.154704,b,,3,0.4530099999999777,0.9060199999999554
210.607714,db,,1,0.40535500000001434,0.8107100000000287
211.013069,b,,2,0.39804399999999873,0.7960879999999975
211.411113,b,,3,0.38942299999999364,0.7788459999999873
211.800536,db,,1,0.3819440000000043,0.7638880000000086
212.18248,b,,2,0.40277800000001207,0.8055560000000241
212.585258,b,,3,0.3669869999999946,0.7339739999999892
212.952245,db,,1,0.4011739999999975,0.802347999999995
213.353419,b,,2,0.40117499999999495,0.8023499999999899
213.754594,b,,3,0.35737100000000055,0.7147420000000011
214.111965,db,,1,0.44123899999999594,0.8824779999999919
214.553204,b,,2,0.4663460000000157,0.9326920000000314
215.01955,b,,3,0.4663450000000182,0.9326900000000364
215.48589500000003,db,,1,0.5726499999999817,1.1452999999999633
216.058545,b,,2,0.3760680000000036,0.7521360000000072
216.434613,b,,3,0.45090099999998756,0.9018019999999751
216.885514,db,,1,0.3793709999999919,0.7587419999999838
217.264885,b,,2,0.42613700000003973,0.8522740000000795
217.69102200000003,b,,3,0.4070509999999672,0.8141019999999344
218.098073,db,,1,0.38782000000000494,0.7756400000000099
218.485893,b,,2,0.40170899999998255,0.8034179999999651
218.887602,b,,3,0.42200800000000527,0.8440160000000105
219.30961,db,,1,0.41666600000002063,0.8333320000000413
219.726276,b,,2,0.4305559999999957,0.8611119999999914
220.156832,b,,3,0.42895099999998365,0.8579019999999673
220.585783,db,,1,0.3947650000000067,0.7895300000000134
220.980548,b,,2,0.38888900000000604,0.7777780000000121
221.369437,b,,3,0.4011739999999975,0.802347999999995
221.770611,db,,1,0.39049199999999473,0.7809839999999895
222.161103,b,,2,0.35470000000000823,0.7094000000000165
222.515803,b,,3,0.3979699999999866,0.7959399999999732
222.913773,db,,1,0.38621700000001624,0.7724340000000325
223.29999,b,,2,0.40384599999998727,0.8076919999999745
223.703836,b,,3,0.419871999999998,0.839743999999996
224.123708,db,,1,0.35683700000001295,0.7136740000000259
224.480545,b,,2,0.38995699999998124,0.7799139999999625
224.870502,b,,3,0.40705100000002403,0.8141020000000481
225.277553,db,,1,0.43269099999997707,0.8653819999999541
225.710244,b,,2,0.3536330000000021,0.7072660000000042
226.063877,b,,3,0.3611099999999965,0.722219999999993
226.424987,db,,1,0.3739320000000248,0.7478640000000496
226.798919,b,,2,0.3408109999999738,0.6816219999999475
227.13973,b,,3,0.41025600000000395,0.8205120000000079
227.549986,db,,1,0.37820500000003676,0.7564100000000735
227.92819100000003,b,,2,0.37072599999996214,0.7414519999999243
228.298917,b,,3,0.40705100000002403,0.8141020000000481
228.705968,db,,1,0.3931619999999896,0.7863239999999792
229.09913,b,,2,0.39850400000000263,0.7970080000000053
229.497634,b,,3,0.43215799999998694,0.8643159999999739
229.929792,db,,1,0.38835400000002096,0.7767080000000419
230.318146,b,,2,0.39690100000001394,0.7938020000000279
230.71504700000003,b,,3,0.3760690000000011,0.7521380000000022
231.09111600000003,db,,1,0.35576799999998343,0.7115359999999669
231.446884,b,,2,0.37980799999999704,0.7596159999999941
231.826692,b,,3,0.37820399999998244,0.7564079999999649
232.204896,db,,1,0.38995700000000966,0.7799140000000193
232.594853,b,,2,0.38461500000005344,0.7692300000001069
232.97946800000005,b,,3,0.4006409999999505,0.801281999999901
233.380109,db,,1,0.40063999999998146,0.8012799999999629
233.780749,b,,2,0.41132500000000505,0.8226500000000101
234.192074,b,,3,0.38675100000000384,0.7735020000000077
234.578825,db,,1,0.3952989999999943,0.7905979999999886
234.974124,b,,2,0.3856830000000002,0.7713660000000004
235.359807,b,,3,0.4017090000000394,0.8034180000000788
235.76151600000003,db,,1,0.38995699999998124,0.7799139999999625
236.151473,b,,2,0.3846149999999966,0.7692299999999932
236.536088,b,,3,0.41132500000000505,0.8226500000000101
236.947413,db,,1,0.3985039999999742,0.7970079999999484
237.345917,b,,2,0.393162000000018,0.786324000000036
237.739079,b,,3,0.3963669999999979,0.7927339999999958
238.135446,db,,1,0.4049139999999909,0.8098279999999818
238.54036,b,,2,0.4220080000000337,0.8440160000000674
238.96236800000003,b,,3,0.38247899999996093,0.7649579999999219
239.344847,db,,1,0.42521200000001613,0.8504240000000323
239.770059,b,,2,0.38034199999998464,0.7606839999999693
240.150401,b,,3,0.3760680000000036,0.7521360000000072
240.526469,db,,1,0.401709000000011,0.803418000000022
240.928178,b,,2,0.4059819999999945,0.811963999999989
241.33416,b,,3,0.3947650000000067,0.7895300000000134
241.728925,db,,1,0.402243000000027,0.804486000000054
242.13116800000003,b,,2,0.3867520000000013,0.7735040000000026
242.51792000000003,b,,3,0.39476499999997827,0.7895299999999565
242.912685,db,,1,0.4033110000000022,0.8066220000000044
243.315996,b,,2,0.3872859999999889,0.7745719999999778
243.703282,b,,3,0.39903799999999023,0.7980759999999805
244.10232,db,,1,0.38835400000002096,0.7767080000000419
244.490674,b,,2,0.42361099999999396,0.8472219999999879
244.914285,b,,3,0.40918800000000033,0.8183760000000007
245.323473,db,,1,0.40705100000002403,0.8141020000000481
245.73052400000003,b,,2,0.38995599999995534,0.7799119999999107
246.12048,b,,3,0.3942310000000191,0.7884620000000382
246.514711,db,,1,0.405982999999992,0.811965999999984
246.920694,b,,2,0.36965699999998947,0.7393139999999789
247.290351,b,,3,0.41880300000002535,0.8376060000000507
247.709154,db,,1,0.3931619999999896,0.7863239999999792
248.102316,b,,2,0.36912399999999934,0.7382479999999987
248.47144,b,,3,0.42040499999998815,0.8408099999999763
248.891845,db,,1,0.3814100000000167,0.7628200000000334
249.273255,b,,2,0.3931619999999896,0.7863239999999792
249.666417,b,,3,0.375,0.75
250.041417,db,,1,0.3830120000000079,0.7660240000000158
250.424429,b,,2,0.392628000000002,0.785256000000004
250.817057,b,,3,0.4561960000000056,0.9123920000000112
251.273253,db,,1,0.43638099999998303,0.8727619999999661
251.709634,b,,2,0.40603300000000786,0.8120660000000157
252.115667,b,,3,0.4358579999999961,0.8717159999999922
252.551525,db,,1,0.4417320000000018,0.8834640000000036
252.993257,b,,2,0.40285700000001157,0.8057140000000231
253.396114,b,,3,0.4567310000000191,0.9134620000000382
253.85284500000003,db,,1,0.3557689999999809,0.7115379999999618
254.208614,b,,2,0.40758399999998574,0.8151679999999715
254.616198,b,,3,0.44123899999999594,0.8824779999999919
255.057437,db,,1,0.4188029999999969,0.8376059999999939
255.47624,b,,2,0.4188029999999969,0.8376059999999939
255.895043,b,,3,0.3846149999999966,0.7692299999999932
256.279658,db,,1,0.4230770000000348,0.8461540000000696
256.702735,b,,2,0.3942299999999932,0.7884599999999864
257.096965,b,,3,0.40064100000000735,0.8012820000000147
257.497606,db,,1,0.3835459999999671,0.7670919999999342
257.881152,b,,2,0.36645300000003544,0.7329060000000709
258.247605,b,,3,0.44337600000000066,0.8867520000000013
258.690981,db,,1,0.3942299999999932,0.7884599999999864
259.085211,b,,2,0.3963669999999979,0.7927339999999958
259.481578,b,,3,0.47542699999996785,0.9508539999999357
259.957005,db,,1,0.39289500000001,0.78579000000002
260.3499,b,,2,0.39289500000001,0.78579000000002
260.742795,b,,3,0.43215800000001536,0.8643160000000307
261.174953,db,,1,0.3766019999999912,0.7532039999999824
261.551555,b,,2,0.4070499999999697,0.8140999999999394
261.958605,b,,3,0.47115400000001273,0.9423080000000255
262.429759,db,,1,0.39983899999998584,0.7996779999999717
262.829598,b,,2,0.39984000000004016,0.7996800000000803
263.229438,b,,3,0.4123920000000112,0.8247840000000224
263.64183,db,,1,0.3910259999999539,0.7820519999999078
264.032856,b,,2,0.4049140000000193,0.8098280000000386
264.43777,b,,3,0.4118579999999952,0.8237159999999903
264.849628,db,,1,0.39903800000001866,0.7980760000000373
265.248666,b,,2,0.40277800000001207,0.8055560000000241
265.651444,b,,3,0.3888879999999517,0.7777759999999034
266.040332,db,,1,0.38461500000005344,0.7692300000001069
266.42494700000003,b,,2,0.3888889999999492,0.7777779999998984
266.813836,b,,3,0.3830120000000079,0.7660240000000158
267.196848,db,,1,0.39209399999998595,0.7841879999999719
267.588942,b,,2,0.3589740000000461,0.7179480000000922
267.947916,b,,3,0.36965699999996104,0.7393139999999221
268.317573,db,,1,0.3621800000000235,0.724360000000047
268.679753,b,,2,0.3664519999999811,0.7329039999999623
269.046205,b,,3,0.45886700000005476,0.9177340000001095
269.50507200000004,db,,1,0.4284189999999626,0.8568379999999252
269.933491,b,,2,0.3733970000000113,0.7467940000000226
270.306888,b,,3,0.38835499999999,0.77670999999998
270.695243,db,,1,0.3621779999999717,0.7243559999999434
271.057421,b,,2,0.38514900000006946,0.7702980000001389
271.44257000000005,b,,3,0.38514999999995325,0.7702999999999065
271.82772,db,,1,0.3749990000000025,0.749998000000005
272.202719,b,,2,0.36912399999999934,0.7382479999999987
272.571843,b,,3,0.3846139999999991,0.7692279999999982
272.956457,db,,1,0.37286399999999276,0.7457279999999855
273.329321,b,,2,0.36912300000000187,0.7382460000000037
273.698444,b,,3,0.42200800000000527,0.8440160000000105
274.120452,db,,1,0.5694439999999759,1.1388879999999517
274.689896,b,,2,0.4161320000000046,0.8322640000000092
275.106028,b,,3,0.4161320000000046,0.8322640000000092
275.52216,db,,1,0.4679490000000328,0.9358980000000656
275.990109,b,,2,0.4142620000000079,0.8285240000000158
276.404371,b,,3,0.41426299999994853,0.8285259999998971
276.818634,db,,1,0.3525640000000294,0.7051280000000588
277.171198,b,,2,0.48984899999999243,0.9796979999999849
277.661047,b,,3,0.4786320000000046,0.9572640000000092
278.139679,db,,1,0.5544869999999946,1.1089739999999892
