time,info,metrics,beat_number,duration,relative duration
1.055208,db,3/4,1,0.4020840000000001,0.8041680000000002
1.457292,b,,2,0.34062499999999973,0.6812499999999995
1.7979169999999998,b,,3,0.38489500000000043,0.7697900000000009
2.182812,db,,1,0.4296879999999996,0.8593759999999993
2.6125,b,,2,0.33333300000000055,0.6666660000000011
2.9458330000000004,b,,3,0.3734379999999997,0.7468759999999994
3.319271,db,,1,0.359896,0.719792
3.679167,b,,2,0.36666599999999994,0.7333319999999999
4.045833,b,,3,0.3812509999999998,0.7625019999999996
4.427084,db,,1,0.374479,0.748958
4.801563,b,,2,0.357812,0.715624
5.159375,b,,3,0.43229200000000034,0.8645840000000007
5.591667,db,,1,0.3697910000000002,0.7395820000000004
5.961458,b,,2,0.3802089999999998,0.7604179999999996
6.341667,b,,3,0.3833329999999995,0.766665999999999
6.725,db,,1,0.41145800000000055,0.8229160000000011
7.136458,b,,2,0.389583,0.779166
7.526041,b,,3,0.38958400000000015,0.7791680000000003
7.915625,db,,1,0.390625,0.78125
8.30625,b,,2,0.375,0.75
8.68125,b,,3,0.36666699999999963,0.7333339999999993
9.047917,db,,1,0.33010999999999946,0.6602199999999989
9.378027,b,,2,0.40113999999999983,0.8022799999999997
9.779167,b,,3,0.3927080000000007,0.7854160000000014
10.171875,db,,1,0.35104199999999963,0.7020839999999993
10.522917,b,,2,0.3546870000000002,0.7093740000000004
10.877604,b,,3,0.3911460000000009,0.7822920000000018
11.26875,db,,1,0.3635419999999989,0.7270839999999978
11.632292,b,,2,0.35260400000000125,0.7052080000000025
11.984896,b,,3,0.37604099999999896,0.7520819999999979
12.360937,db,,1,0.3942709999999998,0.7885419999999996
12.755208,b,,2,0.3906249999999982,0.7812499999999964
13.145832999999998,b,,3,0.42708400000000424,0.8541680000000085
13.572917000000002,db,,1,0.39791699999999786,0.7958339999999957
13.970834,b,,2,0.3979160000000004,0.7958320000000008
14.36875,b,,3,0.3645829999999979,0.7291659999999958
14.733332999999998,db,,1,0.3937500000000025,0.787500000000005
15.127083,b,,2,0.3874999999999975,0.774999999999995
15.514582999999998,b,,3,0.37395900000000104,0.7479180000000021
15.888542,db,,1,0.4010410000000011,0.8020820000000022
16.289583,b,,2,0.3916669999999982,0.7833339999999964
16.68125,b,,3,0.390625,0.78125
17.071875,db,,1,0.4098959999999998,0.8197919999999996
17.481771,b,,2,0.4026040000000002,0.8052080000000004
17.884375,b,,3,0.4057300000000019,0.8114600000000038
18.290105,db,,1,0.43437399999999826,0.8687479999999965
18.724479,b,,2,0.39218800000000087,0.7843760000000017
19.116667,b,,3,0.37708299999999895,0.7541659999999979
19.49375,db,,1,0.4104170000000025,0.820834000000005
19.904167,b,,2,0.4177079999999975,0.835415999999995
20.321875,b,,3,0.3739580000000018,0.7479160000000036
20.695833,db,,1,0.4093750000000007,0.8187500000000014
21.105208,b,,2,0.4104169999999989,0.8208339999999978
21.515625,b,,3,0.4468749999999986,0.8937499999999972
21.9625,db,,1,0.38750000000000284,0.7750000000000057
22.35,b,,2,0.45833299999999966,0.9166659999999993
22.808333,b,,3,0.45624999999999716,0.9124999999999943
23.264583,db,,1,0.3979170000000032,0.7958340000000064
23.6625,b,,2,0.39791699999999963,0.7958339999999993
24.060417,b,,3,0.4322909999999993,0.8645819999999986
24.492708,db,,1,0.39453100000000063,0.7890620000000013
24.887239,b,,2,0.3945319999999981,0.7890639999999962
25.281771,b,,3,0.4307289999999995,0.861457999999999
25.7125,db,,1,0.38333300000000037,0.7666660000000007
26.095833,b,,2,0.3833340000000014,0.7666680000000028
26.479167,b,,3,0.3822909999999986,0.7645819999999972
26.861458,db,,1,0.40937500000000426,0.8187500000000085
27.270833000000003,b,,2,0.364062999999998,0.728125999999996
27.634896,b,,3,0.375,0.75
28.009896,db,,1,0.3656250000000085,0.731250000000017
28.37552100000001,b,,2,0.37864599999998916,0.7572919999999783
28.754167,b,,3,0.34895799999999966,0.6979159999999993
29.103125,db,,1,0.40312500000000284,0.8062500000000057
29.50625,b,,2,0.36562499999999787,0.7312499999999957
29.871875,b,,3,0.37291700000000105,0.7458340000000021
30.244792,db,,1,0.39531200000000055,0.7906240000000011
30.640104,b,,2,0.3807290000000023,0.7614580000000046
31.020833000000003,b,,3,0.3697919999999968,0.7395839999999936
31.390625,db,,1,0.39895800000000037,0.7979160000000007
31.789583,b,,2,0.3947920000000025,0.789584000000005
32.184375,b,,3,0.37135399999999663,0.7427079999999933
32.555729,db,,1,0.3703129999999959,0.7406259999999918
32.926041999999995,b,,2,0.410416000000005,0.82083200000001
33.336458,b,,3,0.3812500000000014,0.7625000000000028
33.717708,db,,1,0.3958329999999961,0.7916659999999922
34.113541,b,,2,0.3760420000000053,0.7520840000000106
34.489583,b,,3,0.375,0.75
34.864583,db,,1,0.4015629999999959,0.8031259999999918
35.266146,b,,2,0.38697900000000374,0.7739580000000075
35.653125,b,,3,0.37395899999999926,0.7479179999999985
36.027084,db,,1,0.36953099999999495,0.7390619999999899
36.396615,b,,2,0.36953100000000205,0.7390620000000041
36.766146,b,,3,0.3708329999999975,0.741665999999995
37.136979,db,,1,0.3921880000000044,0.7843760000000088
37.529167,b,,2,0.3854159999999993,0.7708319999999986
37.914583,b,,3,0.3963540000000023,0.7927080000000046
38.310937,db,,1,0.40364600000000905,0.8072920000000181
38.71458300000001,b,,2,0.3703129999999888,0.7406259999999776
39.084896,b,,3,0.34635399999999805,0.6927079999999961
39.43125,db,,1,0.3999999999999986,0.7999999999999972
39.83125,b,,2,0.38750000000000284,0.7750000000000057
40.21875,b,,3,0.40625,0.8125
40.625,db,,1,0.38750000000000284,0.7750000000000057
41.0125,b,,2,0.37812499999999716,0.7562499999999943
41.390625,b,,3,0.3541669999999968,0.7083339999999936
41.744792,db,,1,0.37864600000000337,0.7572920000000067
42.123438,b,,2,0.4057290000000009,0.8114580000000018
42.529167,b,,3,0.375,0.75
42.904167,db,,1,0.39781200000000183,0.7956240000000037
43.301979,b,,2,0.4047920000000005,0.809584000000001
43.706771,b,,3,0.38801999999999737,0.7760399999999947
44.094791,db,,1,0.38437599999999605,0.7687519999999921
44.479167,b,,2,0.40364600000000195,0.8072920000000039
44.882813,b,,3,0.38177000000000305,0.7635400000000061
45.264583,db,,1,0.37057300000000026,0.7411460000000005
45.635156,b,,2,0.37057300000000026,0.7411460000000005
46.005729,b,,3,0.3755209999999991,0.7510419999999982
46.38125,db,,1,0.4895830000000103,0.9791660000000206
46.87083300000001,b,,2,0.5380209999999863,1.0760419999999726
47.408854,b,,3,0.5380210000000005,1.076042000000001
47.946875,db,,1,0.49270800000000037,0.9854160000000007
48.439583,b,,2,0.41458399999999784,0.8291679999999957
48.854167,b,,3,0.307813000000003,0.615626000000006
49.16198,db,,1,0.4408850000000015,0.881770000000003
49.602865,b,,2,0.4408850000000015,0.881770000000003
50.04375,b,,3,0.4333329999999975,0.866665999999995
50.477083,db,,1,0.38333399999999784,0.7666679999999957
50.860417,b,,2,0.421875,0.84375
51.282292,b,,3,0.3739580000000018,0.7479160000000036
51.65625,db,,1,0.4468749999999986,0.8937499999999972
52.103125,b,,2,0.4307290000000137,0.8614580000000274
52.53385400000001,b,,3,0.41041699999998116,0.8208339999999623
52.94427099999999,db,,1,0.3687500000000057,0.7375000000000114
53.313021,b,,2,0.3901040000000009,0.7802080000000018
53.703125,b,,3,0.42968799999999874,0.8593759999999975
54.132813,db,,1,0.3994790000000137,0.7989580000000274
54.53229200000001,b,,2,0.395832999999989,0.791665999999978
54.928125,b,,3,0.4125000000000014,0.8250000000000028
55.340625,db,,1,0.4208329999999947,0.8416659999999894
55.761458,b,,2,0.38749999999999574,0.7749999999999915
56.14895799999999,b,,3,0.4375,0.875
56.58645799999999,db,,1,0.3854170000000039,0.7708340000000078
56.971875,b,,2,0.3958329999999961,0.7916659999999922
57.36770799999999,b,,3,0.41614700000000937,0.8322940000000187
57.783855,db,,1,0.40781199999999984,0.8156239999999997
58.191667,b,,2,0.3958329999999961,0.7916659999999922
58.5875,b,,3,0.40989600000000337,0.8197920000000067
58.997396,db,,1,0.40885399999999805,0.8177079999999961
59.40625,b,,2,0.3546869999999984,0.7093739999999968
59.760937,b,,3,0.4005210000000048,0.8010420000000096
60.161458,db,,1,0.4124999999999943,0.8249999999999886
60.573958,b,,2,0.3927090000000035,0.785418000000007
60.966667,b,,3,0.4114579999999961,0.8229159999999922
61.378125,db,,1,0.4125000000000014,0.8250000000000028
61.790625,b,,2,0.40625,0.8125
62.196875,b,,3,0.4427090000000007,0.8854180000000014
62.639584,db,,1,0.37708300000001316,0.7541660000000263
63.01666700000001,b,,2,0.37760399999999095,0.7552079999999819
63.394271,b,,3,0.40833299999999895,0.8166659999999979
63.802604,db,,1,0.40625,0.8125
64.208854,b,,2,0.3682289999999995,0.736457999999999
64.577083,b,,3,0.39895900000000495,0.7979180000000099
64.976042,db,,1,0.4104159999999837,0.8208319999999674
65.38645799999999,b,,2,0.3802090000000078,0.7604180000000156
65.766667,b,,3,0.4000000000000057,0.8000000000000114
66.166667,db,,1,0.40312500000000284,0.8062500000000057
66.569792,b,,2,0.39895799999999326,0.7979159999999865
66.96875,b,,3,0.3864579999999904,0.7729159999999808
67.35520799999999,db,,1,0.4000000000000057,0.8000000000000114
67.755208,b,,2,0.3895840000000135,0.779168000000027
68.14479200000001,b,,3,0.4124999999999943,0.8249999999999886
68.557292,db,,1,0.39374999999999716,0.7874999999999943
68.951042,b,,2,0.390625,0.78125
69.341667,b,,3,0.38645800000000463,0.7729160000000093
69.728125,db,,1,0.3999999999999915,0.799999999999983
70.128125,b,,2,0.39791700000000674,0.7958340000000135
70.526042,b,,3,0.3802079999999961,0.7604159999999922
70.90625,db,,1,0.38854200000000105,0.7770840000000021
71.294792,b,,2,0.38645800000000463,0.7729160000000093
71.68125,b,,3,0.37239599999999484,0.7447919999999897
72.053646,db,,1,0.3994789999999995,0.798957999999999
72.453125,b,,2,0.38750000000000284,0.7750000000000057
72.840625,b,,3,0.38802099999999484,0.7760419999999897
73.228646,db,,1,0.3890619999999956,0.7781239999999912
73.617708,b,,2,0.3947920000000096,0.7895840000000192
74.0125,b,,3,0.35208299999999326,0.7041659999999865
74.364583,db,,1,0.41458400000000495,0.8291680000000099
74.779167,b,,2,0.3843750000000057,0.7687500000000114
75.163542,b,,3,0.3578119999999956,0.7156239999999912
75.521354,db,,1,0.38802099999999484,0.7760419999999897
75.909375,b,,2,0.3692700000000002,0.7385400000000004
76.278645,b,,3,0.3869800000000083,0.7739600000000166
76.665625,db,,1,0.3703129999999959,0.7406259999999918
77.035938,b,,2,0.3848950000000002,0.7697900000000004
77.420833,b,,3,0.395834000000022,0.791668000000044
77.81666700000002,db,,1,0.3802079999999819,0.7604159999999638
78.196875,b,,2,0.4072919999999982,0.8145839999999964
78.604167,b,,3,0.4072909999999723,0.8145819999999446
79.01145799999998,db,,1,0.3598960000000204,0.7197920000000408
79.371354,b,,2,0.38802100000000905,0.7760420000000181
79.759375,b,,3,0.3963540000000165,0.792708000000033
80.15572900000002,db,,1,0.3822919999999783,0.7645839999999566
80.538021,b,,2,0.38697899999999663,0.7739579999999933
80.925,b,,3,0.3802079999999961,0.7604159999999922
81.305208,db,,1,0.3895840000000135,0.779168000000027
81.694792,b,,2,0.390625,0.78125
82.085417,b,,3,0.390625,0.78125
82.476042,db,,1,0.38697899999999663,0.7739579999999933
82.863021,b,,2,0.3874999999999744,0.7749999999999488
83.25052099999998,b,,3,0.3963540000000165,0.792708000000033
83.646875,db,,1,0.4281250000000085,0.856250000000017
84.075,b,,2,0.3968749999999943,0.7937499999999886
84.471875,b,,3,0.4421880000000016,0.8843760000000032
84.914063,db,,1,0.4117180000000076,0.8234360000000152
85.325781,b,,2,0.41171899999999084,0.8234379999999817
85.7375,b,,3,0.3880359999999996,0.7760719999999992
86.125536,db,,1,0.40571400000000324,0.8114280000000065
86.53125,b,,2,0.3851449999999943,0.7702899999999886
86.916395,b,,3,0.45131299999999896,0.9026259999999979
87.367708,db,,1,0.43073000000001116,0.8614600000000223
87.798438,b,,2,0.4307289999999995,0.861457999999999
88.229167,b,,3,0.4177079999999904,0.8354159999999808
88.646875,db,,1,0.38229200000000674,0.7645840000000135
89.029167,b,,2,0.4114579999999961,0.8229159999999922
89.440625,b,,3,0.421875,0.84375
89.8625,db,,1,0.46458300000000463,0.9291660000000093
90.327083,b,,2,0.3604169999999982,0.7208339999999964
90.6875,b,,3,0.43437500000000284,0.8687500000000057
91.121875,db,,1,0.4468749999999915,0.893749999999983
91.56875,b,,2,0.40208300000000463,0.8041660000000093
91.970833,b,,3,0.49270900000000495,0.9854180000000099
92.463542,db,,1,0.38697899999999663,0.7739579999999933
92.850521,b,,2,0.38697899999999663,0.7739579999999933
93.2375,b,,3,0.3807299999999998,0.7614599999999996
93.61823,db,,1,0.4302080000000075,0.860416000000015
94.048438,b,,2,0.3812499999999943,0.7624999999999886
94.429688,b,,3,0.4583329999999961,0.9166659999999922
94.888021,db,,1,0.40364600000000905,0.8072920000000181
95.291667,b,,2,0.40364599999999484,0.8072919999999897
95.695313,b,,3,0.3994789999999995,0.798957999999999
96.094792,db,,1,0.3854160000000064,0.7708320000000128
96.480208,b,,2,0.3927089999999964,0.7854179999999928
96.872917,b,,3,0.3859369999999984,0.7718739999999968
97.258854,db,,1,0.3953130000000016,0.7906260000000032
97.654167,b,,2,0.3958329999999961,0.7916659999999922
98.05,b,,3,0.3916669999999982,0.7833339999999964
98.441667,db,,1,0.3968750000000085,0.793750000000017
98.838542,b,,2,0.4052080000000018,0.8104160000000036
99.24375,b,,3,0.4182299999999941,0.8364599999999882
99.66198,db,,1,0.3994789999999995,0.798957999999999
100.061459,b,,2,0.3791659999999979,0.7583319999999958
100.440625,b,,3,0.3645829999999961,0.7291659999999922
100.805208,db,,1,0.381251000000006,0.762502000000012
101.186459,b,,2,0.3572910000000036,0.7145820000000072
101.54375,b,,3,0.39218699999999274,0.7843739999999855
101.935937,db,,1,0.3953130000000016,0.7906260000000032
102.33125,b,,2,0.3833330000000075,0.766666000000015
102.714583,b,,3,0.3546869999999984,0.7093739999999968
103.06927,db,,1,0.3713549999999941,0.7427099999999882
103.440625,b,,2,0.3833330000000075,0.766666000000015
103.823958,b,,3,0.3666669999999925,0.733333999999985
104.190625,db,,1,0.3802079999999961,0.7604159999999922
104.570833,b,,2,0.4020840000000021,0.8041680000000042
104.972917,b,,3,0.3593740000000025,0.718748000000005
105.332291,db,,1,0.37812600000000884,0.7562520000000177
105.710417,b,,2,0.3682289999999995,0.736457999999999
106.078646,b,,3,0.3817710000000005,0.763542000000001
106.460417,db,,1,0.47604099999999505,0.9520819999999901
106.936458,b,,2,0.39374999999999716,0.7874999999999943
107.330208,b,,3,0.39374999999999716,0.7874999999999943
107.723958,db,,1,0.421875,0.84375
108.145833,b,,2,0.38984400000001074,0.7796880000000215
108.535677,b,,3,0.3898439999999965,0.779687999999993
108.925521,db,,1,0.34999899999999684,0.6999979999999937
109.27552,b,,2,0.4223970000000037,0.8447940000000074
109.697917,b,,3,0.4468749999999915,0.893749999999983
110.144792,db,,1,0.533332999999999,1.066665999999998
110.678125,b,,2,0.5677090000000078,1.1354180000000156
111.245834,b,,3,0.5677079999999961,1.1354159999999922
111.813542,db,,1,0.4156250000000057,0.8312500000000114
112.229167,b,,2,0.40937499999999716,0.8187499999999943
112.638542,b,,3,0.47552000000000305,0.9510400000000061
113.114062,db,,1,0.44348999999999705,0.8869799999999941
113.557552,b,,2,0.44348999999999705,0.8869799999999941
114.001042,b,,3,0.42916599999999505,0.8583319999999901
114.430208,db,,1,0.4072920000000124,0.8145840000000248
114.8375,b,,2,0.3796869999999899,0.7593739999999798
115.217187,b,,3,0.42968799999999874,0.8593759999999975
115.646875,db,,1,0.4265620000000041,0.8531240000000082
116.073437,b,,2,0.4265630000000016,0.8531260000000032
116.5,b,,3,0.41458299999999326,0.8291659999999865
116.914583,db,,1,0.39270900000001063,0.7854180000000213
117.307292,b,,2,0.41458299999999326,0.8291659999999865
117.721875,b,,3,0.4000000000000057,0.8000000000000114
118.121875,db,,1,0.3739580000000018,0.7479160000000036
118.495833,b,,2,0.4072919999999982,0.8145839999999964
118.903125,b,,3,0.4385419999999982,0.8770839999999964
119.341667,db,,1,0.40625,0.8125
119.747917,b,,2,0.43333300000000463,0.8666660000000093
120.18125,b,,3,0.3999999999999915,0.799999999999983
120.58125,db,,1,0.4114579999999961,0.8229159999999922
120.992708,b,,2,0.36770900000000495,0.7354180000000099
121.360417,b,,3,0.4114579999999961,0.8229159999999922
121.771875,db,,1,0.3885410000000036,0.7770820000000072
122.160416,b,,2,0.413021999999998,0.826043999999996
122.573438,b,,3,0.42552100000000337,0.8510420000000067
122.998959,db,,1,0.4033850000000001,0.8067700000000002
123.402344,b,,2,0.4033850000000001,0.8067700000000002
123.805729,b,,3,0.41822899999999663,0.8364579999999933
124.223958,db,,1,0.4000000000000057,0.8000000000000114
124.623958,b,,2,0.3854170000000039,0.7708340000000078
125.009375,b,,3,0.43854100000000074,0.8770820000000015
125.447916,db,,1,0.4281249999999943,0.8562499999999886
125.876041,b,,2,0.428126000000006,0.856252000000012
126.304167,b,,3,0.42447799999999347,0.8489559999999869
126.728645,db,,1,0.3911470000000037,0.7822940000000074
127.119792,b,,2,0.42499999999999716,0.8499999999999943
127.544792,b,,3,0.4213539999999938,0.8427079999999876
127.966146,db,,1,0.3526039999999995,0.705207999999999
128.31875,b,,2,0.4124999999999943,0.8249999999999886
128.73125,b,,3,0.43958300000002737,0.8791660000000547
129.17083300000002,db,,1,0.39583399999997937,0.7916679999999587
129.566667,b,,2,0.40729100000001495,0.8145820000000299
129.973958,b,,3,0.3968749999999943,0.7937499999999886
130.370833,db,,1,0.35624999999998863,0.7124999999999773
130.727083,b,,2,0.37916699999999537,0.7583339999999907
131.10625,b,,3,0.4010420000000181,0.8020840000000362
131.507292,db,,1,0.38229100000000926,0.7645820000000185
131.88958300000002,b,,2,0.37812499999998295,0.7562499999999659
132.267708,b,,3,0.3708340000000021,0.7416680000000042
132.638542,db,,1,0.38229100000000926,0.7645820000000185
133.020833,b,,2,0.3843750000000057,0.7687500000000114
133.40520800000002,b,,3,0.376041999999984,0.752083999999968
133.78125,db,,1,0.3854169999999897,0.7708339999999794
134.166667,b,,2,0.389583000000016,0.779166000000032
134.55625,b,,3,0.38176999999998884,0.7635399999999777
134.93802,db,,1,0.39948000000001116,0.7989600000000223
135.3375,b,,2,0.3645830000000103,0.7291660000000206
135.70208300000002,b,,3,0.36249999999998295,0.7249999999999659
136.064583,db,,1,0.3812499999999943,0.7624999999999886
136.445833,b,,2,0.38333399999999074,0.7666679999999815
136.82916699999998,b,,3,0.35052100000001474,0.7010420000000295
137.179688,db,,1,0.3890619999999956,0.7781239999999912
137.56875,b,,2,0.3843750000000057,0.7687500000000114
137.953125,b,,3,0.3489580000000103,0.6979160000000206
138.302083,db,,1,0.3843750000000057,0.7687500000000114
138.68645800000002,b,,2,0.377083999999968,0.754167999999936
139.06354199999998,b,,3,0.36041600000001495,0.7208320000000299
139.423958,db,,1,0.4072920000000124,0.8145840000000248
139.83125,b,,2,0.3541669999999897,0.7083339999999794
140.185417,b,,3,0.36770799999999326,0.7354159999999865
140.553125,db,,1,0.39375000000001137,0.7875000000000227
140.946875,b,,2,0.36249999999998295,0.7249999999999659
141.309375,b,,3,0.3520830000000217,0.7041660000000434
141.661458,db,,1,0.40208399999994526,0.8041679999998905
142.06354199999996,b,,2,0.3562500000000455,0.712500000000091
142.419792,b,,3,0.3531250000000057,0.7062500000000114
142.772917,db,,1,0.3958329999999819,0.7916659999999638
143.16875,b,,2,0.35729200000000105,0.7145840000000021
143.526042,b,,3,0.35625000000001705,0.7125000000000341
143.882292,db,,1,0.39374999999998295,0.7874999999999659
144.276042,b,,2,0.3489580000000103,0.6979160000000206
144.625,b,,3,0.34739600000000337,0.6947920000000067
144.972396,db,,1,0.3807290000000023,0.7614580000000046
145.353125,b,,2,0.3541669999999897,0.7083339999999794
145.707292,b,,3,0.3802080000000103,0.7604160000000206
146.0875,db,,1,0.37187499999998863,0.7437499999999773
146.459375,b,,2,0.3692709999999977,0.7385419999999954
146.828646,b,,3,0.34635400000001937,0.6927080000000387
147.175,db,,1,0.35312499999997726,0.7062499999999545
147.528125,b,,2,0.37812500000001137,0.7562500000000227
147.90625,b,,3,0.34791699999999537,0.6958339999999907
148.254167,db,,1,0.390625,0.78125
148.644792,b,,2,0.37604100000001495,0.7520820000000299
149.020833,b,,3,0.3979169999999783,0.7958339999999566
149.41875,db,,1,0.3944439999999645,0.788887999999929
149.81319399999995,b,,2,0.39444500000004723,0.7888900000000945
150.207639,b,,3,0.3944439999999929,0.7888879999999858
150.602083,db,,1,0.3677089999999623,0.7354179999999246
150.96979199999996,b,,2,0.3989580000000501,0.7979160000001002
151.36875,b,,3,0.40416700000000105,0.8083340000000021
151.772917,db,,1,0.3991319999999803,0.7982639999999606
152.172049,b,,2,0.3991320000000087,0.7982640000000174
152.571181,b,,3,0.3991319999999803,0.7982639999999606
152.97031299999998,db,,1,0.3984370000000297,0.7968740000000594
153.36875,b,,2,0.37916699999999537,0.7583339999999907
153.747917,b,,3,0.4234380000000044,0.8468760000000088
154.171355,db,,1,0.41301999999998884,0.8260399999999777
154.584375,b,,2,0.41302100000001474,0.8260420000000295
154.997396,b,,3,0.41301999999998884,0.8260399999999777
155.410416,db,,1,0.38541700000004653,0.7708340000000931
155.79583300000004,b,,2,0.4171869999999558,0.8343739999999116
156.21302,b,,3,0.5401050000000112,1.0802100000000223
156.753125,db,,1,0.6999999999999886,1.3999999999999773
157.453125,b,,2,0.6999999999999886,1.3999999999999773
158.153125,b,,3,0.700000000000017,1.400000000000034
158.853125,db,,1,0.4135419999999499,0.8270839999998998
159.26666699999996,b,,2,0.3614580000000558,0.7229160000001116
159.628125,b,,3,0.3984379999999419,0.7968759999998838
160.02656299999995,db,,1,0.4057290000000364,0.8114580000000728
160.432292,b,,2,0.36250000000001137,0.7250000000000227
160.794792,b,,3,0.37812399999998547,0.7562479999999709
161.172916,db,,1,0.40312600000001453,0.8062520000000291
161.576042,b,,2,0.34999899999999684,0.6999979999999937
161.926041,b,,3,0.38541700000004653,0.7708340000000931
162.31145800000004,db,,1,0.37031299999995326,0.7406259999999065
162.681771,b,,2,0.3494790000000023,0.6989580000000046
163.03125,b,,3,0.43020799999999326,0.8604159999999865
163.461458,db,,1,0.3895840000000135,0.779168000000027
163.851042,b,,2,0.390625,0.78125
164.241667,b,,3,0.37187499999998863,0.7437499999999773
164.613542,db,,1,0.41770800000000463,0.8354160000000093
165.03125,b,,2,0.4044269999999983,0.8088539999999966
165.435677,b,,3,0.4044269999999983,0.8088539999999966
165.840104,db,,1,0.3838540000000137,0.7677080000000274
166.223958,b,,2,0.4000000000000341,0.8000000000000682
166.62395800000004,b,,3,0.35572999999990884,0.7114599999998177
166.97968799999995,db,,1,0.3553650000000914,0.7107300000001828
167.33505300000004,b,,2,0.37952999999995995,0.7590599999999199
167.714583,b,,3,0.38229200000000674,0.7645840000000135
168.096875,db,,1,0.3536459999999977,0.7072919999999954
168.450521,b,,2,0.3651040000000023,0.7302080000000046
168.815625,b,,3,0.4010419999999897,0.8020839999999794
169.216667,db,,1,0.36770799999999326,0.7354159999999865
169.584375,b,,2,0.3645830000000103,0.7291660000000206
169.948958,b,,3,0.39895899999999074,0.7979179999999815
170.347917,db,,1,0.38333299999999326,0.7666659999999865
170.73125,b,,2,0.4010420000000181,0.8020840000000362
171.132292,b,,3,0.43020799999999326,0.8604159999999865
171.5625,db,,1,0.390625,0.78125
171.953125,b,,2,0.390625,0.78125
172.34375,b,,3,0.3656249999999943,0.7312499999999886
172.709375,db,,1,0.4270830000000103,0.8541660000000206
173.136458,b,,2,0.39375100000000884,0.7875020000000177
173.530209,b,,3,0.3541659999999922,0.7083319999999844
173.884375,db,,1,0.39270799999999895,0.7854159999999979
174.277083,b,,2,0.41145899999995095,0.8229179999999019
174.68854199999996,b,,3,0.3843750000000341,0.7687500000000682
175.072917,db,,1,0.40104100000002063,0.8020820000000413
175.473958,b,,2,0.3973959999999863,0.7947919999999726
175.871354,b,,3,0.4161459999999977,0.8322919999999954
176.2875,db,,1,0.41822899999999663,0.8364579999999933
176.705729,b,,2,0.38906299999996463,0.7781259999999293
177.09479199999996,b,,3,0.36041600000004337,0.7208320000000867
177.455208,db,,1,0.40416700000000105,0.8083340000000021
177.859375,b,,2,0.39791700000000674,0.7958340000000135
178.257292,b,,3,0.3739579999999876,0.7479159999999752
178.63125,db,,1,0.38541699999996126,0.7708339999999225
179.01666699999996,b,,2,0.41041600000005474,0.8208320000001095
179.427083,b,,3,0.45208399999998505,0.9041679999999701
179.879167,db,,1,0.36770799999999326,0.7354159999999865
180.246875,b,,2,0.4265630000000158,0.8531260000000316
180.673438,b,,3,0.4359369999999956,0.8718739999999912
181.109375,db,,1,0.4203119999999956,0.8406239999999912
181.529687,b,,2,0.42031299999999305,0.8406259999999861
181.95,b,,3,0.42395799999999895,0.8479159999999979
182.373958,db,,1,0.3947920000000238,0.7895840000000476
182.76875,b,,2,0.39479199999999537,0.7895839999999907
183.163542,b,,3,0.44062499999998295,0.8812499999999659
183.604167,db,,1,0.40364600000000905,0.8072920000000181
184.007813,b,,2,0.4036450000000116,0.8072900000000232
184.411458,b,,3,0.41458399999999074,0.8291679999999815
184.826042,db,,1,0.4364579999999876,0.8729159999999752
185.2625,b,,2,0.34739600000000337,0.6947920000000067
185.609896,b,,3,0.38177100000001474,0.7635420000000295
185.991667,db,,1,0.3640619999999899,0.7281239999999798
186.355729,b,,2,0.3697919999999897,0.7395839999999794
186.725521,b,,3,0.3442710000000204,0.6885420000000408
187.069792,db,,1,0.4208329999999876,0.8416659999999752
187.490625,b,,2,0.38645800000000463,0.7729160000000093
187.877083,b,,3,0.36666700000000674,0.7333340000000135
188.24375,db,,1,0.4161459999999977,0.8322919999999954
188.659896,b,,2,0.358854000000008,0.717708000000016
189.01875,b,,3,0.3708329999999762,0.7416659999999524
189.389583,db,,1,0.4166670000000181,0.8333340000000362
189.80625,b,,2,0.3817709999999863,0.7635419999999726
190.188021,b,,3,0.3692709999999977,0.7385419999999954
190.557292,db,,1,0.3687490000000082,0.7374980000000164
190.926041,b,,2,0.39427200000000084,0.7885440000000017
191.320313,b,,3,0.41406200000000126,0.8281240000000025
191.734375,db,,1,0.4281249999999943,0.8562499999999886
192.1625,b,,2,0.37083300000000463,0.7416660000000093
192.533333,b,,3,0.375,0.75
192.908333,db,,1,0.43073000000001116,0.8614600000000223
193.339063,b,,2,0.36822899999998526,0.7364579999999705
193.707292,b,,3,0.36718700000000126,0.7343740000000025
194.074479,db,,1,0.39427100000000337,0.7885420000000067
194.46875,b,,2,0.3838540000000137,0.7677080000000274
194.852604,b,,3,0.3661459999999863,0.7322919999999726
195.21875,db,,1,0.3645830000000103,0.7291660000000206
195.583333,b,,2,0.4052079999999876,0.8104159999999752
195.988541,b,,3,0.41041699999999537,0.8208339999999907
196.398958,db,,1,0.4177090000000021,0.8354180000000042
196.816667,b,,2,0.38229100000000926,0.7645820000000185
197.198958,b,,3,0.359375,0.71875
197.558333,db,,1,0.4130209999999863,0.8260419999999726
197.971354,b,,2,0.3796880000000158,0.7593760000000316
198.351042,b,,3,0.3703119999999842,0.7406239999999684
198.721354,db,,1,0.36718799999999874,0.7343759999999975
199.088542,b,,2,0.357812000000024,0.715624000000048
199.446354,b,,3,0.375520999999992,0.751041999999984
199.821875,db,,1,0.38906299999999305,0.7781259999999861
200.210938,b,,2,0.3911449999999945,0.782289999999989
200.602083,b,,3,0.41458299999999326,0.8291659999999865
201.016666,db,,1,0.3739590000000135,0.747918000000027
201.390625,b,,2,0.3583329999999876,0.7166659999999752
201.748958,b,,3,0.36614600000001474,0.7322920000000295
202.115104,db,,1,0.37187499999998863,0.7437499999999773
202.486979,b,,2,0.3838540000000137,0.7677080000000274
202.870833,b,,3,0.4114590000000078,0.8229180000000156
203.282292,db,,1,0.3947909999999979,0.7895819999999958
203.677083,b,,2,0.359375,0.71875
204.036458,b,,3,0.359375,0.71875
204.395833,db,,1,0.3661459999999863,0.7322919999999726
204.761979,b,,2,0.40885399999999095,0.8177079999999819
205.170833,b,,3,0.37239600000000905,0.7447920000000181
205.543229,db,,1,0.3877019999999902,0.7754039999999804
205.930931,b,,2,0.4107360000000142,0.8214720000000284
206.341667,b,,3,0.3885410000000036,0.7770820000000072
206.730208,db,,1,0.390625,0.78125
207.120833,b,,2,0.3854169999999897,0.7708339999999794
207.50625,b,,3,0.3734369999999956,0.7468739999999912
207.879687,db,,1,0.3640630000000158,0.7281260000000316
208.24375,b,,2,0.3640619999999899,0.7281239999999798
208.607812,b,,3,0.35104200000000674,0.7020840000000135
208.958854,db,,1,0.4859380000000044,0.9718760000000088
209.444792,b,,2,0.5278639999999939,1.0557279999999878
209.972656,b,,3,0.5278649999999914,1.0557299999999827
210.500521,db,,1,0.5078120000000013,1.0156240000000025
211.008333,b,,2,0.4114590000000078,0.8229180000000156
211.419792,b,,3,0.297395999999992,0.594791999999984
211.717188,db,,1,0.48203399999999874,0.9640679999999975
212.199222,b,,2,0.4466110000000185,0.893222000000037
212.645833,b,,3,0.421875,0.84375
213.067708,db,,1,0.4010419999999897,0.8020839999999794
213.46875,b,,2,0.41770800000000463,0.8354160000000093
213.886458,b,,3,0.375,0.75
214.261458,db,,1,0.46145899999999074,0.9229179999999815
214.722917,b,,2,0.4354160000000036,0.8708320000000072
215.158333,b,,3,0.41874999999998863,0.8374999999999773
215.577083,db,,1,0.41145800000003874,0.8229160000000775
215.98854100000003,b,,2,0.3937509999999804,0.7875019999999608
216.382292,b,,3,0.42447899999999095,0.8489579999999819
216.806771,db,,1,0.3994790000000137,0.7989580000000274
217.20625,b,,2,0.36354199999999537,0.7270839999999907
217.569792,b,,3,0.4041660000000036,0.8083320000000072
217.973958,db,,1,0.41874999999998863,0.8374999999999773
218.392708,b,,2,0.38749999999998863,0.7749999999999773
218.780208,b,,3,0.4020840000000021,0.8041680000000042
219.182292,db,,1,0.3947909999999979,0.7895819999999958
219.577083,b,,2,0.3958340000000078,0.7916680000000156
219.972917,b,,3,0.39791600000000926,0.7958320000000185
220.370833,db,,1,0.39791700000000674,0.7958340000000135
220.76875,b,,2,0.37708299999999895,0.7541659999999979
221.145833,b,,3,0.39479199999999537,0.7895839999999907
221.540625,db,,1,0.39374999999998295,0.7874999999999659
221.934375,b,,2,0.38125000000002274,0.7625000000000455
222.315625,b,,3,0.41979200000000105,0.8395840000000021
222.735417,db,,1,0.375,0.75
223.110417,b,,2,0.38854099999997516,0.7770819999999503
223.498958,b,,3,0.4020840000000021,0.8041680000000042
223.901042,db,,1,0.42291600000001495,0.8458320000000299
224.323958,b,,2,0.40989600000000337,0.8197920000000067
224.733854,b,,3,0.44114600000000337,0.8822920000000067
225.175,db,,1,0.44062499999998295,0.8812499999999659
225.615625,b,,2,0.32031299999999874,0.6406259999999975
225.935938,b,,3,0.3937490000000139,0.7874980000000278
226.329687,db,,1,0.41093799999998737,0.8218759999999747
226.740625,b,,2,0.3921880000000044,0.7843760000000088
227.132813,b,,3,0.40781200000000695,0.8156240000000139
227.540625,db,,1,0.4156250000000057,0.8312500000000114
227.95625,b,,2,0.376041999999984,0.752083999999968
228.332292,b,,3,0.40729100000001495,0.8145820000000299
228.739583,db,,1,0.40625,0.8125
229.145833,b,,2,0.375,0.75
229.520833,b,,3,0.3770839999999964,0.7541679999999928
229.897917,db,,1,0.3895829999999876,0.7791659999999752
230.2875,b,,2,0.38229200000000674,0.7645840000000135
230.669792,b,,3,0.3656249999999943,0.7312499999999886
231.035417,db,,1,0.39895799999999326,0.7979159999999865
231.434375,b,,2,0.38750000000001705,0.7750000000000341
231.821875,b,,3,0.37187499999998863,0.7437499999999773
232.19375,db,,1,0.39270799999999895,0.7854159999999979
232.586458,b,,2,0.37291700000000105,0.7458340000000021
232.959375,b,,3,0.3739590000000135,0.747918000000027
233.333334,db,,1,0.39374899999998547,0.7874979999999709
233.727083,b,,2,0.40416700000000105,0.8083340000000021
234.13125,b,,3,0.3541670000000181,0.7083340000000362
234.485417,db,,1,0.3916659999999865,0.783331999999973
234.877083,b,,2,0.3760420000000124,0.7520840000000248
235.253125,b,,3,0.3614589999999964,0.7229179999999928
235.614584,db,,1,0.3895829999999876,0.7791659999999752
236.004167,b,,2,0.3802080000000103,0.7604160000000206
236.384375,b,,3,0.35572899999999663,0.7114579999999933
236.740104,db,,1,0.3963540000000023,0.7927080000000046
237.136458,b,,2,0.37916699999999537,0.7583339999999907
237.515625,b,,3,0.3499999999999943,0.6999999999999886
237.865625,db,,1,0.41979200000000105,0.8395840000000021
238.285417,b,,2,0.3343749999999943,0.6687499999999886
238.619792,b,,3,0.40937500000001137,0.8187500000000227
239.029167,db,,1,0.33541600000000926,0.6708320000000185
239.364583,b,,2,0.4010419999999897,0.8020839999999794
239.765625,b,,3,0.37916699999999537,0.7583339999999907
240.144792,db,,1,0.40833299999999895,0.8166659999999979
240.553125,b,,2,0.3656249999999943,0.7312499999999886
240.91875,b,,3,0.4229170000000124,0.8458340000000248
241.341667,db,,1,0.37239600000000905,0.7447920000000181
241.714063,b,,2,0.3739579999999876,0.7479159999999752
242.088021,b,,3,0.3848959999999977,0.7697919999999954
242.472917,db,,1,0.37031200000001263,0.7406240000000253
242.843229,b,,2,0.39531299999998737,0.7906259999999747
243.238542,b,,3,0.3802080000000103,0.7604160000000206
243.61875,db,,1,0.3812499999999943,0.7624999999999886
244.0,b,,2,0.37916699999999537,0.7583339999999907
244.379167,b,,3,0.39166600000001495,0.7833320000000299
244.770833,db,,1,0.3776049999999884,0.7552099999999768
245.148438,b,,2,0.3713530000000276,0.7427060000000552
245.51979100000003,b,,3,0.41979199999997263,0.8395839999999453
245.939583,db,,1,0.39895799999999326,0.7979159999999865
246.338541,b,,2,0.39895900000001916,0.7979180000000383
246.7375,b,,3,0.4270829999999819,0.8541659999999638
247.164583,db,,1,0.3895840000000135,0.779168000000027
247.554167,b,,2,0.3895829999999876,0.7791659999999752
247.94375,b,,3,0.420833000000016,0.841666000000032
248.364583,db,,1,0.391145999999992,0.782291999999984
248.755729,b,,2,0.375520999999992,0.751041999999984
249.13125,b,,3,0.4328130000000101,0.8656260000000202
249.564063,db,,1,0.40494699999999284,0.8098939999999857
249.96901,b,,2,0.4049479999999903,0.8098959999999806
250.373958,b,,3,0.4010420000000181,0.8020840000000362
250.775,db,,1,0.390625,0.78125
251.165625,b,,2,0.390625,0.78125
251.55625,b,,3,0.4208329999999876,0.8416659999999752
251.977083,db,,1,0.4020840000000021,0.8041680000000042
252.379167,b,,2,0.373958000000016,0.747916000000032
252.753125,b,,3,0.4520829999999876,0.9041659999999752
253.205208,db,,1,0.4270840000000078,0.8541680000000156
253.632292,b,,2,0.3843750000000057,0.7687500000000114
254.016667,b,,3,0.5052079999999819,1.0104159999999638
254.521875,db,,1,0.3609380000000044,0.7218760000000088
254.882813,b,,2,0.36093700000000695,0.7218740000000139
255.24375,b,,3,0.38906299999999305,0.7781259999999861
255.632813,db,,1,0.405208000000016,0.810416000000032
256.038021,b,,2,0.39531299999998737,0.7906259999999747
256.433334,b,,3,0.4890619999999899,0.9781239999999798
256.922396,db,,1,0.373437000000024,0.746874000000048
257.295833,b,,2,0.373437000000024,0.746874000000048
257.66927000000004,b,,3,0.4348969999999781,0.8697939999999562
258.104167,db,,1,0.3791659999999979,0.7583319999999958
258.483333,b,,2,0.37916699999999537,0.7583339999999907
258.8625,b,,3,0.3807289999999739,0.7614579999999478
259.243229,db,,1,0.390104000000008,0.780208000000016
259.633333,b,,2,0.37812500000001137,0.7562500000000227
260.011458,b,,3,0.376041999999984,0.752083999999968
260.3875,db,,1,0.39270800000002737,0.7854160000000547
260.780208,b,,2,0.390625,0.78125
261.170833,b,,3,0.38906299999996463,0.7781259999999293
261.559896,db,,1,0.388541000000032,0.777082000000064
261.948437,b,,2,0.3697920000000181,0.7395840000000362
262.31822900000003,b,,3,0.3973959999999579,0.7947919999999158
262.715625,db,,1,0.3687500000000341,0.7375000000000682
263.084375,b,,2,0.3781249999999545,0.756249999999909
263.4625,b,,3,0.3875000000000455,0.775000000000091
263.85,db,,1,0.360416999999984,0.720833999999968
264.210417,b,,2,0.40312499999998863,0.8062499999999773
264.613542,b,,3,0.342187000000024,0.684374000000048
264.955729,db,,1,0.37343799999996463,0.7468759999999293
265.329167,b,,2,0.38333299999999326,0.7666659999999865
265.7125,b,,3,0.35416600000002063,0.7083320000000413
266.066666,db,,1,0.37812600000000884,0.7562520000000177
266.444792,b,,2,0.39322900000001937,0.7864580000000387
266.838021,b,,3,0.359375,0.71875
267.197396,db,,1,0.3927079999999705,0.785415999999941
267.590104,b,,2,0.3536460000000261,0.7072920000000522
267.94375,b,,3,0.38541699999996126,0.7708339999999225
268.329167,db,,1,0.49687499999998863,0.9937499999999773
268.826042,b,,2,0.37656300000003284,0.7531260000000657
269.202605,b,,3,0.3765619999999785,0.753123999999957
269.579167,db,,1,0.45625000000001137,0.9125000000000227
270.035417,b,,2,0.3830730000000244,0.7661460000000488
270.41849,b,,3,0.3830719999999701,0.7661439999999402
270.801562,db,,1,0.34687600000000884,0.6937520000000177
271.148438,b,,2,0.41406200000000126,0.8281240000000025
271.5625,b,,3,0.4479170000000181,0.8958340000000362
272.010417,db,,1,0.6041659999999638,1.2083319999999276
