time,info,metrics,beat_number,duration,relative duration
1.060938,db,3/4,1,0.4421870000000001,0.8843740000000002
1.503125,b,,2,0.36250000000000004,0.7250000000000001
1.865625,b,,3,0.34635399999999983,0.6927079999999997
2.211979,db,,1,0.3869790000000002,0.7739580000000004
2.598958,b,,2,0.3708339999999999,0.7416679999999998
2.969792,b,,3,0.3604160000000003,0.7208320000000006
3.3302080000000003,db,,1,0.4052089999999997,0.8104179999999994
3.735417,b,,2,0.376563,0.753126
4.11198,b,,3,0.33958200000000005,0.6791640000000001
4.451562,db,,1,0.40052100000000035,0.8010420000000007
4.852083,b,,2,0.345834,0.691668
5.197917,b,,3,0.4135409999999995,0.827081999999999
5.611458,db,,1,0.3718750000000002,0.7437500000000004
5.983333,b,,2,0.392709,0.785418
6.376042,b,,3,0.39479100000000056,0.7895820000000011
6.7708330000000005,db,,1,0.4114589999999998,0.8229179999999996
7.182292,b,,2,0.4039059999999983,0.8078119999999966
7.586197999999999,b,,3,0.403906000000001,0.807812000000002
7.990104,db,,1,0.392188,0.784376
8.382292,b,,2,0.4010410000000011,0.8020820000000022
8.783333,b,,3,0.3947919999999989,0.7895839999999978
9.178125,db,,1,0.390625,0.78125
9.56875,b,,2,0.36666699999999963,0.7333339999999993
9.935417,b,,3,0.4083330000000007,0.8166660000000014
10.34375,db,,1,0.405208,0.810416
10.748958,b,,2,0.3953129999999998,0.7906259999999996
11.144271,b,,3,0.43177099999999946,0.8635419999999989
11.576042,db,,1,0.36458300000000143,0.7291660000000029
11.940625,b,,2,0.3687499999999986,0.7374999999999972
12.309375,b,,3,0.38385400000000125,0.7677080000000025
12.693229,db,,1,0.3765629999999991,0.7531259999999982
13.069792,b,,2,0.41041599999999967,0.8208319999999993
13.480208,b,,3,0.422917,0.845834
13.903125,db,,1,0.4651040000000002,0.9302080000000004
14.368229,b,,2,0.4651039999999984,0.9302079999999968
14.833332999999998,b,,3,0.3833340000000014,0.7666680000000028
15.216667,db,,1,0.37604099999999896,0.7520819999999979
15.592707999999998,b,,2,0.40312500000000107,0.8062500000000021
15.995833,b,,3,0.38750000000000107,0.7750000000000021
16.383333,db,,1,0.4020840000000021,0.8041680000000042
16.785417000000002,b,,2,0.41354099999999505,0.8270819999999901
17.198957999999998,b,,3,0.4052090000000028,0.8104180000000056
17.604167,db,,1,0.39322899999999805,0.7864579999999961
17.997396,b,,2,0.40052100000000124,0.8010420000000025
18.397917,b,,3,0.4375,0.875
18.835417,db,,1,0.42135299999999987,0.8427059999999997
19.25677,b,,2,0.4265630000000016,0.8531260000000032
19.683333,b,,3,0.3416669999999975,0.683333999999995
20.025,db,,1,0.4083330000000025,0.816666000000005
20.433333,b,,2,0.40104200000000034,0.8020840000000007
20.834375,b,,3,0.37708299999999895,0.7541659999999979
21.211458,db,,1,0.392709,0.785418
21.604167,b,,2,0.41458300000000037,0.8291660000000007
22.01875,b,,3,0.4375,0.875
22.45625,db,,1,0.39895800000000037,0.7979160000000007
22.855208,b,,2,0.45208399999999926,0.9041679999999985
23.307292,b,,3,0.4020830000000011,0.8041660000000022
23.709375,db,,1,0.4307289999999995,0.861457999999999
24.140104,b,,2,0.4307289999999995,0.861457999999999
24.570833,b,,3,0.41666700000000034,0.8333340000000007
24.9875,db,,1,0.4250000000000007,0.8500000000000014
25.4125,b,,2,0.42499999999999716,0.8499999999999943
25.8375,b,,3,0.45833299999999966,0.9166659999999993
26.295833,db,,1,0.4114590000000007,0.8229180000000014
26.707292,b,,2,0.41145799999999966,0.8229159999999993
27.11875,b,,3,0.43854200000000176,0.8770840000000035
27.557292,db,,1,0.435416,0.870832
27.992708,b,,2,0.39687499999999787,0.7937499999999957
28.389583,b,,3,0.39166700000000176,0.7833340000000035
28.78125,db,,1,0.3817710000000005,0.763542000000001
29.163021,b,,2,0.41093700000000055,0.8218740000000011
29.573958,b,,3,0.4114590000000007,0.8229180000000014
29.985417,db,,1,0.4489579999999975,0.897915999999995
30.434375,b,,2,0.3968750000000014,0.7937500000000028
30.83125,b,,3,0.3874999999999993,0.7749999999999986
31.21875,db,,1,0.45677100000000337,0.9135420000000067
31.675521000000003,b,,2,0.39843700000000126,0.7968740000000025
32.073958000000005,b,,3,0.39947999999999695,0.7989599999999939
32.473438,db,,1,0.4359369999999956,0.8718739999999912
32.909375,b,,2,0.38750000000000284,0.7750000000000057
33.296875,b,,3,0.3994789999999995,0.798957999999999
33.696354,db,,1,0.4005209999999977,0.8010419999999954
34.096875,b,,2,0.42395800000000605,0.8479160000000121
34.520833,b,,3,0.4166669999999968,0.8333339999999936
34.9375,db,,1,0.44947899999999663,0.8989579999999933
35.386979,b,,2,0.3963540000000023,0.7927080000000046
35.783333,b,,3,0.38958399999999926,0.7791679999999985
36.172917,db,,1,0.45364500000000163,0.9072900000000033
36.626562,b,,2,0.41510499999999695,0.8302099999999939
37.041667,b,,3,0.40885400000000516,0.8177080000000103
37.450521,db,,1,0.4096350000000015,0.819270000000003
37.860156,b,,2,0.4096349999999944,0.8192699999999888
38.269791,b,,3,0.3953130000000016,0.7906260000000032
38.665104,db,,1,0.4432290000000023,0.8864580000000046
39.108333,b,,2,0.42499999999999716,0.8499999999999943
39.533333,b,,3,0.4338550000000012,0.8677100000000024
39.967188,db,,1,0.42864500000000305,0.8572900000000061
40.395833,b,,2,0.3973959999999934,0.7947919999999868
40.793229,b,,3,0.40468800000000016,0.8093760000000003
41.197917,db,,1,0.42916600000000216,0.8583320000000043
41.627083,b,,2,0.4395840000000035,0.879168000000007
42.066667,b,,3,0.42864499999999595,0.8572899999999919
42.495312,db,,1,0.432813000000003,0.865626000000006
42.928125,b,,2,0.4067709999999991,0.8135419999999982
43.334896,b,,3,0.39375000000001137,0.7875000000000227
43.72864600000001,db,,1,0.4119789999999881,0.8239579999999762
44.140625,b,,2,0.4286460000000005,0.857292000000001
44.569271,b,,3,0.33437399999999684,0.6687479999999937
44.903645,db,,1,0.5287000000000006,1.0574000000000012
45.432345,b,,2,0.41869700000000165,0.8373940000000033
45.851042,b,,3,0.39218699999999984,0.7843739999999997
46.243229,db,,1,0.432813000000003,0.865626000000006
46.676042,b,,2,0.4260409999999979,0.8520819999999958
47.102083,b,,3,0.4125000000000014,0.8250000000000028
47.514583,db,,1,0.409635999999999,0.819271999999998
47.924219,b,,2,0.4096350000000015,0.819270000000003
48.333854,b,,3,0.39947999999999695,0.7989599999999939
48.733334,db,,1,0.46979100000000074,0.9395820000000015
49.203125,b,,2,0.6932290000000023,1.3864580000000046
49.896354,b,,3,0.6932299999999998,1.3864599999999996
50.589584,db,,1,0.5916659999999965,1.183331999999993
51.18125,b,,2,0.43020800000000037,0.8604160000000007
51.611458,b,,3,0.29375000000000284,0.5875000000000057
51.905208,db,,1,0.1729169999999982,0.3458339999999964
52.078125,b,,2,0.935417000000001,1.870834000000002
53.013542,b,,3,0.4479159999999922,0.8958319999999844
53.46145799999999,db,,1,0.4322920000000039,0.8645840000000078
53.89375,b,,2,0.41354199999999963,0.8270839999999993
54.307292,b,,3,0.421875,0.84375
54.729167,db,,1,0.441666000000005,0.88333200000001
55.170833,b,,2,0.4411460000000105,0.882292000000021
55.61197900000001,b,,3,0.4854169999999911,0.9708339999999822
56.097396,db,,1,0.44583299999999326,0.8916659999999865
56.543229,b,,2,0.37135399999999663,0.7427079999999933
56.91458299999999,b,,3,0.4500010000000074,0.9000020000000148
57.364584,db,,1,0.4197909999999965,0.839581999999993
57.784375,b,,2,0.4166670000000039,0.8333340000000078
58.201042,b,,3,0.4093739999999997,0.8187479999999994
58.610416,db,,1,0.4343760000000003,0.8687520000000006
59.044792,b,,2,0.42916600000000216,0.8583320000000043
59.473958,b,,3,0.44062499999999005,0.8812499999999801
59.91458299999999,db,,1,0.3802090000000078,0.7604180000000156
60.294792,b,,2,0.43437499999999574,0.8687499999999915
60.729167,b,,3,0.45520800000000605,0.9104160000000121
61.184375,db,,1,0.4119790000000094,0.8239580000000188
61.59635400000001,b,,2,0.4067709999999849,0.8135419999999698
62.003125,b,,3,0.4005200000000002,0.8010400000000004
62.403645,db,,1,0.40520899999999926,0.8104179999999985
62.808854,b,,2,0.39687500000001563,0.7937500000000313
63.20572900000001,b,,3,0.4286459999999863,0.8572919999999726
63.634375,db,,1,0.4177079999999975,0.835415999999995
64.052083,b,,2,0.4104170000000096,0.8208340000000192
64.4625,b,,3,0.43958299999998474,0.8791659999999695
64.90208299999999,db,,1,0.453125,0.90625
65.35520799999999,b,,2,0.4312500000000057,0.8625000000000114
65.786458,b,,3,0.5031249999999972,1.0062499999999943
66.289583,db,,1,0.46875,0.9375
66.758333,b,,2,0.3817720000000122,0.7635440000000244
67.140105,b,,3,0.42760299999999063,0.8552059999999813
67.567708,db,,1,0.42448000000000263,0.8489600000000053
67.992188,b,,2,0.40781200000000695,0.8156240000000139
68.4,b,,3,0.4276040000000023,0.8552080000000046
68.82760400000001,db,,1,0.41927099999999484,0.8385419999999897
69.246875,b,,2,0.42604199999999537,0.8520839999999907
69.672917,b,,3,0.41354099999999505,0.8270819999999901
70.086458,db,,1,0.4208340000000135,0.841668000000027
70.507292,b,,2,0.41041599999996947,0.8208319999999389
70.91770799999998,b,,3,0.42395900000002484,0.8479180000000497
71.341667,db,,1,0.4052080000000018,0.8104160000000036
71.746875,b,,2,0.42395799999999895,0.8479159999999979
72.170833,b,,3,0.4166670000000039,0.8333340000000078
72.5875,db,,1,0.3864579999999904,0.7729159999999808
72.973958,b,,2,0.42499999999999716,0.8499999999999943
73.398958,b,,3,0.4260420000000096,0.8520840000000192
73.825,db,,1,0.42083299999997337,0.8416659999999467
74.24583299999998,b,,2,0.421875,0.84375
74.66770799999998,b,,3,0.42343800000001863,0.8468760000000373
75.091146,db,,1,0.4223960000000062,0.8447920000000124
75.513542,b,,2,0.41770800000000463,0.8354160000000093
75.93125,b,,3,0.40781199999999274,0.8156239999999855
76.339062,db,,1,0.4234380000000044,0.8468760000000088
76.7625,b,,2,0.4166670000000039,0.8333340000000078
77.179167,b,,3,0.421875,0.84375
77.601042,db,,1,0.4166659999999922,0.8333319999999844
78.017708,b,,2,0.43437500000000284,0.8687500000000057
78.452083,b,,3,0.4124999999999943,0.8249999999999886
78.864583,db,,1,0.4114590000000078,0.8229180000000156
79.276042,b,,2,0.4333329999999904,0.8666659999999808
79.709375,b,,3,0.4166660000000064,0.8333320000000128
80.126041,db,,1,0.42083399999999926,0.8416679999999985
80.546875,b,,2,0.41822899999999663,0.8364579999999933
80.965104,b,,3,0.42968800000002716,0.8593760000000543
81.39479200000002,db,,1,0.4031249999999744,0.8062499999999488
81.797917,b,,2,0.42916599999999505,0.8583319999999901
82.227083,b,,3,0.4125000000000085,0.825000000000017
82.639583,db,,1,0.42083399999999926,0.8416679999999985
83.060417,b,,2,0.42291600000000074,0.8458320000000015
83.483333,b,,3,0.4375,0.875
83.920833,db,,1,0.421875,0.84375
84.342708,b,,2,0.40833299999999895,0.8166659999999979
84.751041,b,,3,0.4166669999999755,0.833333999999951
85.16770799999998,db,,1,0.41562600000001737,0.8312520000000347
85.583334,b,,2,0.40260400000001084,0.8052080000000217
85.985938,b,,3,0.43385399999999663,0.8677079999999933
86.419792,db,,1,0.41354099999999505,0.8270819999999901
86.833333,b,,2,0.41458400000000495,0.8291680000000099
87.247917,b,,3,0.4260409999999979,0.8520819999999958
87.673958,db,,1,0.41458400000000495,0.8291680000000099
88.088542,b,,2,0.4114579999999961,0.8229159999999922
88.5,b,,3,0.42916700000000674,0.8583340000000135
88.929167,db,,1,0.4453120000000155,0.890624000000031
89.37447900000002,b,,2,0.42552099999997495,0.8510419999999499
89.8,b,,3,0.48125000000000284,0.9625000000000057
90.28125,db,,1,0.4515619999999956,0.9031239999999912
90.732812,b,,2,0.45156300000000726,0.9031260000000145
91.184375,b,,3,0.43958299999999895,0.8791659999999979
91.623958,db,,1,0.4031260000000003,0.8062520000000006
92.027084,b,,2,0.4146259999999984,0.8292519999999968
92.44171,b,,3,0.4640189999999933,0.9280379999999866
92.905729,db,,1,0.429427000000004,0.858854000000008
93.335156,b,,2,0.429427000000004,0.858854000000008
93.764583,b,,3,0.4385419999999982,0.8770839999999964
94.203125,db,,1,0.4124999999999943,0.8249999999999886
94.615625,b,,2,0.40312500000000284,0.8062500000000057
95.01875,b,,3,0.4114579999999961,0.8229159999999922
95.430208,db,,1,0.4270840000000078,0.8541680000000156
95.857292,b,,2,0.375,0.75
96.232292,b,,3,0.4281249999999943,0.8562499999999886
96.660417,db,,1,0.4145830000000075,0.829166000000015
97.075,b,,2,0.42395799999999895,0.8479159999999979
97.498958,b,,3,0.47708400000000495,0.9541680000000099
97.976042,db,,1,0.4289059999999978,0.8578119999999956
98.404948,b,,2,0.4289059999999978,0.8578119999999956
98.833854,b,,3,0.4395839999999964,0.8791679999999928
99.273438,db,,1,0.3973960000000005,0.794792000000001
99.670834,b,,2,0.42552100000000337,0.8510420000000067
100.096355,b,,3,0.4828119999999956,0.9656239999999912
100.579167,db,,1,0.43151000000000295,0.8630200000000059
101.010677,b,,2,0.4315110000000004,0.8630220000000008
101.442188,b,,3,0.4380199999999945,0.876039999999989
101.880208,db,,1,0.40312500000000284,0.8062500000000057
102.283333,b,,2,0.4020840000000021,0.8041680000000042
102.685417,b,,3,0.42916599999999505,0.8583319999999901
103.114583,db,,1,0.4125000000000085,0.825000000000017
103.527083,b,,2,0.40312499999998863,0.8062499999999773
103.930208,b,,3,0.40312500000000284,0.8062500000000057
104.333333,db,,1,0.39895900000000495,0.7979180000000099
104.732292,b,,2,0.4052080000000018,0.8104160000000036
105.1375,b,,3,0.4052080000000018,0.8104160000000036
105.542708,db,,1,0.40416700000000105,0.8083340000000021
105.946875,b,,2,0.4166659999999922,0.8333319999999844
106.363541,b,,3,0.4182300000000083,0.8364600000000166
106.781771,db,,1,0.4208329999999876,0.8416659999999752
107.202604,b,,2,0.4166670000000039,0.8333340000000078
107.619271,b,,3,0.4479170000000039,0.8958340000000078
108.067188,db,,1,0.44010400000000516,0.8802080000000103
108.507292,b,,2,0.3739579999999876,0.7479159999999752
108.88125,b,,3,0.39375000000001137,0.7875000000000227
109.275,db,,1,0.421875,0.84375
109.696875,b,,2,0.38749999999998863,0.7749999999999773
110.084375,b,,3,0.4125000000000085,0.825000000000017
110.496875,db,,1,0.4364580000000018,0.8729160000000036
110.933333,b,,2,0.3822919999999925,0.764583999999985
111.315625,b,,3,0.40989600000000337,0.8197920000000067
111.725521,db,,1,0.4312500000000057,0.8625000000000114
112.156771,b,,2,0.41822899999999663,0.8364579999999933
112.575,b,,3,0.4322920000000039,0.8645840000000078
113.007292,db,,1,0.517707999999999,1.035415999999998
113.525,b,,2,0.4328129999999959,0.8656259999999918
113.957813,b,,3,0.4328119999999984,0.8656239999999968
114.390625,db,,1,0.48749999999999716,0.9749999999999943
114.878125,b,,2,0.421354000000008,0.842708000000016
115.299479,b,,3,0.4213539999999938,0.8427079999999876
115.720833,db,,1,0.4213550000000055,0.842710000000011
116.142188,b,,2,0.4432290000000023,0.8864580000000046
116.585417,b,,3,0.46041599999999505,0.9208319999999901
117.045833,db,,1,0.5562499999999915,1.112499999999983
117.602083,b,,2,0.6932290000000023,1.3864580000000046
118.295312,b,,3,0.6932299999999998,1.3864599999999996
118.988542,db,,1,0.46093700000000126,0.9218740000000025
119.449479,b,,2,0.4276040000000023,0.8552080000000046
119.877083,b,,3,0.5145830000000018,1.0291660000000036
120.391666,db,,1,0.44531299999999874,0.8906259999999975
120.836979,b,,2,0.44531299999999874,0.8906259999999975
121.282292,b,,3,0.4416659999999979,0.8833319999999958
121.723958,db,,1,0.4333340000000021,0.8666680000000042
122.157292,b,,2,0.41822899999999663,0.8364579999999933
122.575521,b,,3,0.5036460000000034,1.0072920000000067
123.079167,db,,1,0.445052000000004,0.890104000000008
123.524219,b,,2,0.445052000000004,0.890104000000008
123.969271,b,,3,0.4697919999999982,0.9395839999999964
124.439063,db,,1,0.4005200000000002,0.8010400000000004
124.839583,b,,2,0.43645899999999926,0.8729179999999985
125.276042,b,,3,0.44583299999999326,0.8916659999999865
125.721875,db,,1,0.4270829999999961,0.8541659999999922
126.148958,b,,2,0.4270840000000078,0.8541680000000156
126.576042,b,,3,0.45000000000000284,0.9000000000000057
127.026042,db,,1,0.4364580000000018,0.8729160000000036
127.4625,b,,2,0.421875,0.84375
127.884375,b,,3,0.4583330000000103,0.9166660000000206
128.34270800000002,db,,1,0.4020839999999737,0.8041679999999474
128.744792,b,,2,0.3968749999999943,0.7937499999999886
129.14166699999998,b,,3,0.41354100000000926,0.8270820000000185
129.555208,db,,1,0.4270840000000078,0.8541680000000156
129.982292,b,,2,0.41718700000001263,0.8343740000000253
130.399479,b,,3,0.49791699999997263,0.9958339999999453
130.897396,db,,1,0.436979000000008,0.873958000000016
131.334375,b,,2,0.436979000000008,0.873958000000016
131.771354,b,,3,0.436979000000008,0.873958000000016
132.208333,db,,1,0.43437499999998863,0.8687499999999773
132.642708,b,,2,0.41406299999999874,0.8281259999999975
133.056771,b,,3,0.49687499999998863,0.9937499999999773
133.553646,db,,1,0.4312500000000057,0.8625000000000114
133.984896,b,,2,0.4312500000000057,0.8625000000000114
134.416146,b,,3,0.49635399999999663,0.9927079999999933
134.9125,db,,1,0.39791700000000674,0.7958340000000135
135.310417,b,,2,0.43437499999998863,0.8687499999999773
135.744792,b,,3,0.43906200000000695,0.8781240000000139
136.183854,db,,1,0.4484380000000101,0.8968760000000202
136.632292,b,,2,0.4281249999999943,0.8562499999999886
137.060417,b,,3,0.43854100000001495,0.8770820000000299
137.49895800000002,db,,1,0.43541699999997263,0.8708339999999453
137.934375,b,,2,0.452083000000016,0.904166000000032
138.386458,b,,3,0.42083399999998505,0.8416679999999701
138.807292,db,,1,0.4104160000000263,0.8208320000000526
139.21770800000002,b,,2,0.40625,0.8125
139.62395800000002,b,,3,0.422916999999984,0.845833999999968
140.046875,db,,1,0.40937500000001137,0.8187500000000227
140.45625,b,,2,0.44166699999999537,0.8833339999999907
140.897917,b,,3,0.41458299999999326,0.8291659999999865
141.3125,db,,1,0.41979200000000105,0.8395840000000021
141.732292,b,,2,0.4104159999999979,0.8208319999999958
142.142708,b,,3,0.4177090000000021,0.8354180000000042
142.560417,db,,1,0.4281249999999943,0.8562499999999886
142.988542,b,,2,0.42395799999999895,0.8479159999999979
143.4125,b,,3,0.4276040000000023,0.8552080000000046
143.840104,db,,1,0.4161459999999977,0.8322919999999954
144.25625,b,,2,0.41875000000001705,0.8375000000000341
144.675,b,,3,0.421875,0.84375
145.096875,db,,1,0.43437499999998863,0.8687499999999773
145.53125,b,,2,0.42604199999999537,0.8520839999999907
145.957292,b,,3,0.40729100000001495,0.8145820000000299
146.364583,db,,1,0.43020899999999074,0.8604179999999815
146.794792,b,,2,0.4104159999999979,0.8208319999999958
147.205208,b,,3,0.4083339999999964,0.8166679999999928
147.613542,db,,1,0.43333300000000463,0.8666660000000093
148.046875,b,,2,0.4114580000000103,0.8229160000000206
148.458333,b,,3,0.43333399999994526,0.8666679999998905
148.89166699999996,db,,1,0.42708300000003874,0.8541660000000775
149.31875,b,,2,0.41354200000000674,0.8270840000000135
149.732292,b,,3,0.4052079999999876,0.8104159999999752
150.1375,db,,1,0.42916700000000674,0.8583340000000135
150.566667,b,,2,0.421875,0.84375
150.988542,b,,3,0.39895799999999326,0.7979159999999865
151.3875,db,,1,0.42500000000001137,0.8500000000000227
151.8125,b,,2,0.42604199999999537,0.8520839999999907
152.238542,b,,3,0.405208000000016,0.810416000000032
152.64375,db,,1,0.42395799999999895,0.8479159999999979
153.067708,b,,2,0.4135419999999783,0.8270839999999566
153.48125,b,,3,0.421875,0.84375
153.903125,db,,1,0.43333300000000463,0.8666660000000093
154.336458,b,,2,0.40312500000001705,0.8062500000000341
154.739583,b,,3,0.4135419999999783,0.8270839999999566
155.153125,db,,1,0.4156250000000057,0.8312500000000114
155.56875,b,,2,0.41041699999999537,0.8208339999999907
155.979167,b,,3,0.40833299999999895,0.8166659999999979
156.3875,db,,1,0.4156250000000057,0.8312500000000114
156.803125,b,,2,0.390104000000008,0.780208000000016
157.193229,b,,3,0.4130209999999863,0.8260419999999726
157.60625,db,,1,0.4104159999999979,0.8208319999999958
158.016666,b,,2,0.40312600000001453,0.8062520000000291
158.419792,b,,3,0.4208329999999876,0.8416659999999752
158.840625,db,,1,0.41979200000000105,0.8395840000000021
159.260417,b,,2,0.405208000000016,0.810416000000032
159.665625,b,,3,0.4312500000000057,0.8625000000000114
160.096875,db,,1,0.5267359999999996,1.0534719999999993
160.623611,b,,2,0.5267359999999996,1.0534719999999993
161.150347,b,,3,0.5267359999999996,1.0534719999999993
161.677083,db,,1,0.42499999999998295,0.8499999999999659
162.102083,b,,2,0.41041699999999537,0.8208339999999907
162.5125,b,,3,0.4375,0.875
162.95,db,,1,0.5840280000000178,1.1680560000000355
163.534028,b,,2,0.5840279999999893,1.1680559999999787
164.118056,b,,3,0.5840280000000178,1.1680560000000355
164.702084,db,,1,0.4208329999999876,0.8416659999999752
165.122917,b,,2,0.4276040000000023,0.8552080000000046
165.550521,b,,3,0.4380199999999945,0.876039999999989
165.988541,db,,1,0.529514000000006,1.059028000000012
166.518055,b,,2,0.5295139999999492,1.0590279999998984
167.04756899999995,b,,3,0.5295140000000913,1.0590280000001826
167.57708300000004,db,,1,0.4385419999999556,0.8770839999999112
168.015625,b,,2,0.43489499999995473,0.8697899999999095
168.45051999999995,b,,3,0.4812500000000455,0.962500000000091
168.93177,db,,1,0.6552090000000135,1.310418000000027
169.586979,b,,2,0.655208999999985,1.31041799999997
170.242188,b,,3,0.6552079999999876,1.3104159999999752
170.897396,db,,1,0.452604000000008,0.905208000000016
171.35,b,,2,0.3807290000000023,0.7614580000000046
171.730729,b,,3,0.3901050000000055,0.780210000000011
172.120834,db,,1,0.4093740000000423,0.8187480000000846
172.53020800000004,b,,2,0.3880209999999522,0.7760419999999044
172.918229,b,,3,0.4015630000000101,0.8031260000000202
173.319792,db,,1,0.4364579999999876,0.8729159999999752
173.75625,b,,2,0.40156200000001263,0.8031240000000253
174.157812,b,,3,0.36770799999999326,0.7354159999999865
174.52552,db,,1,0.42291799999995305,0.8458359999999061
174.94843799999995,b,,2,0.39218700000003537,0.7843740000000707
175.340625,b,,3,0.41770800000000463,0.8354160000000093
175.758333,db,,1,0.4114590000000078,0.8229180000000156
176.169792,b,,2,0.40625,0.8125
176.576042,b,,3,0.43333300000000463,0.8666660000000093
177.009375,db,,1,0.4208329999999876,0.8416659999999752
177.430208,b,,2,0.41171900000000505,0.8234380000000101
177.841927,b,,3,0.41171900000000505,0.8234380000000101
178.253646,db,,1,0.40260399999999663,0.8052079999999933
178.65625,b,,2,0.39479199999999537,0.7895839999999907
179.051042,b,,3,0.3958330000000103,0.7916660000000206
179.446875,db,,1,0.4135419999999499,0.8270839999998998
179.86041699999996,b,,2,0.36458300000003874,0.7291660000000775
180.225,b,,3,0.44062500000001137,0.8812500000000227
180.665625,db,,1,0.40468799999999305,0.8093759999999861
181.070313,b,,2,0.4166659999999922,0.8333319999999844
181.486979,b,,3,0.4276040000000023,0.8552080000000046
181.914583,db,,1,0.36354199999999537,0.7270839999999907
182.278125,b,,2,0.39427100000000337,0.7885420000000067
182.672396,b,,3,0.39322900000001937,0.7864580000000387
183.065625,db,,1,0.40937499999998295,0.8187499999999659
183.475,b,,2,0.4270830000000103,0.8541660000000206
183.902083,b,,3,0.43437499999998863,0.8687499999999773
184.336458,db,,1,0.501562000000007,1.003124000000014
184.83802,b,,2,0.5015630000000044,1.0031260000000088
185.339583,b,,3,0.376041999999984,0.752083999999968
185.715625,db,,1,0.40833299999999895,0.8166659999999979
186.123958,b,,2,0.41979200000000105,0.8395840000000021
186.54375,b,,3,0.41250000000002274,0.8250000000000455
186.95625,db,,1,0.3812499999999943,0.7624999999999886
187.3375,b,,2,0.42395799999999895,0.8479159999999979
187.761458,b,,3,0.4161459999999977,0.8322919999999954
188.177604,db,,1,0.4078130000000044,0.8156260000000088
188.585417,b,,2,0.4072909999999865,0.814581999999973
188.992708,b,,3,0.4437499999999943,0.8874999999999886
189.436458,db,,1,0.421875,0.84375
189.858333,b,,2,0.4020840000000021,0.8041680000000042
190.260417,b,,3,0.389583000000016,0.779166000000032
190.65,db,,1,0.38854200000000105,0.7770840000000021
191.038542,b,,2,0.4312500000000057,0.8625000000000114
191.469792,b,,3,0.3791659999999979,0.7583319999999958
191.848958,db,,1,0.39895899999999074,0.7979179999999815
192.247917,b,,2,0.41770800000000463,0.8354160000000093
192.665625,b,,3,0.42604199999999537,0.8520839999999907
193.091667,db,,1,0.453125,0.90625
193.544792,b,,2,0.4322909999999922,0.8645819999999844
193.977083,b,,3,0.4427090000000078,0.8854180000000156
194.419792,db,,1,0.421875,0.84375
194.841667,b,,2,0.421875,0.84375
195.263542,b,,3,0.43333300000000463,0.8666660000000093
195.696875,db,,1,0.4322919999999897,0.8645839999999794
196.129167,b,,2,0.4322920000000181,0.8645840000000362
196.561459,b,,3,0.4374989999999741,0.8749979999999482
196.998958,db,,1,0.45104200000000105,0.9020840000000021
197.45,b,,2,0.45104200000000105,0.9020840000000021
197.901042,b,,3,0.4375,0.875
198.338542,db,,1,0.42291600000001495,0.8458320000000299
198.761458,b,,2,0.3927089999999964,0.7854179999999928
199.154167,b,,3,0.38124899999999684,0.7624979999999937
199.535416,db,,1,0.39843799999999874,0.7968759999999975
199.933854,b,,2,0.4119790000000023,0.8239580000000046
200.345833,b,,3,0.41874999999998863,0.8374999999999773
200.764583,db,,1,0.43958400000002484,0.8791680000000497
201.204167,b,,2,0.3947909999999979,0.7895819999999958
201.598958,b,,3,0.3822919999999783,0.7645839999999566
201.98125,db,,1,0.46562500000001705,0.9312500000000341
202.446875,b,,2,0.40937499999998295,0.8187499999999659
202.85625,b,,3,0.4005209999999977,0.8010419999999954
203.256771,db,,1,0.436979000000008,0.873958000000016
203.69375,b,,2,0.3953130000000158,0.7906260000000316
204.089063,b,,3,0.39739499999998884,0.7947899999999777
204.486458,db,,1,0.4057300000000055,0.811460000000011
204.892188,b,,2,0.42499899999998547,0.8499979999999709
205.317187,b,,3,0.4072920000000124,0.8145840000000248
205.724479,db,,1,0.44635399999998526,0.8927079999999705
206.170833,b,,2,0.4312500000000057,0.8625000000000114
206.602083,b,,3,0.39479199999999537,0.7895839999999907
206.996875,db,,1,0.4416670000000238,0.8833340000000476
207.438542,b,,2,0.39791599999998084,0.7958319999999617
207.836458,b,,3,0.42448000000001684,0.8489600000000337
208.260938,db,,1,0.4682289999999796,0.9364579999999592
208.729167,b,,2,0.38229100000000926,0.7645820000000185
209.111458,b,,3,0.3968749999999943,0.7937499999999886
209.508333,db,,1,0.4015630000000101,0.8031260000000202
209.909896,b,,2,0.40625,0.8125
210.316146,b,,3,0.4203119999999956,0.8406239999999912
210.736458,db,,1,0.43489600000000905,0.8697920000000181
211.171354,b,,2,0.40989600000000337,0.8197920000000067
211.58125,b,,3,0.3864579999999762,0.7729159999999524
211.967708,db,,1,0.44531299999999874,0.8906259999999975
212.413021,b,,2,0.40781200000000695,0.8156240000000139
212.820833,b,,3,0.4052090000000135,0.810418000000027
213.226042,db,,1,0.43958299999999895,0.8791659999999979
213.665625,b,,2,0.37760399999999095,0.7552079999999819
214.043229,b,,3,0.38229200000000674,0.7645840000000135
214.425521,db,,1,0.4161459999999977,0.8322919999999954
214.841667,b,,2,0.42916600000000926,0.8583320000000185
215.270833,b,,3,0.44999999999998863,0.8999999999999773
215.720833,db,,1,0.42916700000000674,0.8583340000000135
216.15,b,,2,0.3843750000000057,0.7687500000000114
216.534375,b,,3,0.3854169999999897,0.7708339999999794
216.919792,db,,1,0.4046869999999956,0.8093739999999912
217.324479,b,,2,0.438020999999992,0.876041999999984
217.7625,b,,3,0.4322920000000181,0.8645840000000362
218.194792,db,,1,0.43958299999999895,0.8791659999999979
218.634375,b,,2,0.38906299999999305,0.7781259999999861
219.023438,b,,3,0.39270799999999895,0.7854159999999979
219.416146,db,,1,0.3963540000000023,0.7927080000000046
219.8125,b,,2,0.42916700000000674,0.8583340000000135
220.241667,b,,3,0.420739999999995,0.84147999999999
220.662407,db,,1,0.40866299999999,0.81732599999998
221.07107,b,,2,0.4403880000000129,0.8807760000000258
221.511458,b,,3,0.38802100000000905,0.7760420000000181
221.899479,db,,1,0.4484379999999817,0.8968759999999634
222.347917,b,,2,0.43749900000003095,0.8749980000000619
222.78541600000003,b,,3,0.4177089999999737,0.8354179999999474
223.203125,db,,1,0.40703099999998926,0.8140619999999785
223.610156,b,,2,0.40703200000001516,0.8140640000000303
224.017188,b,,3,0.38854200000000105,0.7770840000000021
224.40573,db,,1,0.4734369999999899,0.9468739999999798
224.879167,b,,2,0.6877599999999973,1.3755199999999945
225.566927,b,,3,0.6877599999999973,1.3755199999999945
226.254687,db,,1,0.5786460000000204,1.1572920000000408
226.833333,b,,2,0.43124999999997726,0.8624999999999545
227.264583,b,,3,0.29375000000001705,0.5875000000000341
227.558333,db,,1,0.5412199999999814,1.0824399999999628
228.099553,b,,2,0.5046140000000037,1.0092280000000073
228.604167,b,,3,0.44791600000002063,0.8958320000000413
229.052083,db,,1,0.41458399999999074,0.8291679999999815
229.466667,b,,2,0.40937500000001137,0.8187500000000227
229.876042,b,,3,0.43541599999997516,0.8708319999999503
230.311458,db,,1,0.41458400000001916,0.8291680000000383
230.726042,b,,2,0.4598959999999863,0.9197919999999726
231.185938,b,,3,0.46979100000001495,0.9395820000000299
231.655729,db,,1,0.4468750000000057,0.8937500000000114
232.102604,b,,2,0.38802099999998063,0.7760419999999613
232.490625,b,,3,0.4375,0.875
232.928125,db,,1,0.41458299999999326,0.8291659999999865
233.342708,b,,2,0.40416700000000105,0.8083340000000021
233.746875,b,,3,0.4135410000000377,0.8270820000000754
234.16041600000003,db,,1,0.41145899999997937,0.8229179999999587
234.571875,b,,2,0.43541700000000105,0.8708340000000021
235.007292,b,,3,0.421875,0.84375
235.429167,db,,1,0.3895829999999876,0.7791659999999752
235.81875,b,,2,0.4124999999999943,0.8249999999999886
236.23125,b,,3,0.43541700000000105,0.8708340000000021
236.666667,db,,1,0.3989580000000217,0.7979160000000434
237.065625,b,,2,0.39999999999997726,0.7999999999999545
237.465625,b,,3,0.421875,0.84375
237.8875,db,,1,0.3802080000000103,0.7604160000000206
238.267708,b,,2,0.42864600000001474,0.8572920000000295
238.696354,b,,3,0.3963539999999739,0.7927079999999478
239.092708,db,,1,0.4229170000000124,0.8458340000000248
239.515625,b,,2,0.41770800000000463,0.8354160000000093
239.933333,b,,3,0.4166669999999897,0.8333339999999794
240.35,db,,1,0.43958299999999895,0.8791659999999979
240.789583,b,,2,0.44062600000000884,0.8812520000000177
241.230209,b,,3,0.5567700000000002,1.1135400000000004
241.786979,db,,1,0.500520999999992,1.001041999999984
242.2875,b,,2,0.389583000000016,0.779166000000032
242.677083,b,,3,0.4161459999999977,0.8322919999999954
243.093229,db,,1,0.4156250000000057,0.8312500000000114
243.508854,b,,2,0.41458399999999074,0.8291679999999815
243.923438,b,,3,0.41770800000000463,0.8354160000000093
244.341146,db,,1,0.4213539999999796,0.8427079999999592
244.7625,b,,2,0.41354200000000674,0.8270840000000135
245.176042,b,,3,0.4312500000000057,0.8625000000000114
245.607292,db,,1,0.4114580000000103,0.8229160000000206
246.01875,b,,2,0.41041699999999537,0.8208339999999907
246.429167,b,,3,0.4156250000000057,0.8312500000000114
246.844792,db,,1,0.4208329999999876,0.8416659999999752
247.265625,b,,2,0.4229170000000124,0.8458340000000248
247.688542,b,,3,0.41562499999997726,0.8312499999999545
248.104167,db,,1,0.420833000000016,0.841666000000032
248.525,b,,2,0.407291999999984,0.814583999999968
248.932292,b,,3,0.421875,0.84375
249.354167,db,,1,0.41250000000002274,0.8250000000000455
249.766667,b,,2,0.41874999999998863,0.8374999999999773
250.185417,b,,3,0.41458299999999326,0.8291659999999865
250.6,db,,1,0.421875,0.84375
251.021875,b,,2,0.40625,0.8125
251.428125,b,,3,0.42500000000001137,0.8500000000000227
251.853125,db,,1,0.4364579999999876,0.8729159999999752
252.289583,b,,2,0.4072920000000124,0.8145840000000248
252.696875,b,,3,0.40625,0.8125
253.103125,db,,1,0.4124999999999943,0.8249999999999886
253.515625,b,,2,0.42500000000001137,0.8500000000000227
253.940625,b,,3,0.407291999999984,0.814583999999968
254.347917,db,,1,0.421875,0.84375
254.769792,b,,2,0.41770800000000463,0.8354160000000093
255.1875,b,,3,0.3973959999999863,0.7947919999999726
255.584896,db,,1,0.41718700000004105,0.8343740000000821
256.002083,b,,2,0.405729000000008,0.811458000000016
256.40781200000004,b,,3,0.43281299999995326,0.8656259999999065
256.840625,db,,1,0.39583300000003874,0.7916660000000775
257.236458,b,,2,0.41666699999996126,0.8333339999999225
257.653125,b,,3,0.4041670000000295,0.808334000000059
258.057292,db,,1,0.4083329999999705,0.816665999999941
258.465625,b,,2,0.41145800000003874,0.8229160000000775
258.877083,b,,3,0.41979199999997263,0.8395839999999453
259.296875,db,,1,0.39999999999997726,0.7999999999999545
259.696875,b,,2,0.4036460000000375,0.807292000000075
260.100521,b,,3,0.40989600000000337,0.8197920000000067
260.510417,db,,1,0.4057280000000105,0.811456000000021
260.91614500000003,b,,2,0.4187509999999861,0.8375019999999722
261.334896,b,,3,0.41927099999998063,0.8385419999999613
261.754167,db,,1,0.41458299999999326,0.8291659999999865
262.16875,b,,2,0.39687500000002274,0.7937500000000455
262.565625,b,,3,0.4375,0.875
263.003125,db,,1,0.41458299999999326,0.8291659999999865
263.417708,b,,2,0.3906259999999975,0.781251999999995
263.808334,b,,3,0.4385409999999865,0.877081999999973
264.246875,db,,1,0.4328130000000101,0.8656260000000202
264.679688,b,,2,0.4276039999999739,0.8552079999999478
265.107292,b,,3,0.5130210000000375,1.026042000000075
265.620313,db,,1,0.46119700000002695,0.9223940000000539
266.08151000000004,b,,2,0.4611979999999676,0.9223959999999352
266.542708,b,,3,0.438541999999984,0.877083999999968
266.98125,db,,1,0.3843750000000341,0.7687500000000682
267.365625,b,,2,0.406770999999992,0.813541999999984
267.772396,b,,3,0.47239600000000337,0.9447920000000067
268.244792,db,,1,0.41874999999998863,0.8374999999999773
268.663542,b,,2,0.41874999999998863,0.8374999999999773
269.082292,b,,3,0.4572909999999979,0.9145819999999958
269.539583,db,,1,0.41041699999999537,0.8208339999999907
269.95,b,,2,0.40208300000000463,0.8041660000000093
270.352083,b,,3,0.39895899999999074,0.7979179999999815
270.751042,db,,1,0.42916600000000926,0.8583320000000185
271.180208,b,,2,0.3687500000000341,0.7375000000000682
271.548958,b,,3,0.421875,0.84375
271.970833,db,,1,0.408333999999968,0.816667999999936
272.379167,b,,2,0.420833000000016,0.841666000000032
272.8,b,,3,0.47916699999996126,0.9583339999999225
273.279167,db,,1,0.4195310000000063,0.8390620000000126
273.698698,b,,2,0.4195310000000063,0.8390620000000126
274.118229,b,,3,0.4479170000000181,0.8958340000000362
274.566146,db,,1,0.3953119999999899,0.7906239999999798
274.961458,b,,2,0.40781300000003284,0.8156260000000657
275.369271,b,,3,0.5260409999999638,1.0520819999999276
275.895312,db,,1,0.453645999999992,0.907291999999984
276.348958,b,,2,0.45364600000004884,0.9072920000000977
276.80260400000003,b,,3,0.454687999999976,0.909375999999952
277.257292,db,,1,0.39999999999997726,0.7999999999999545
277.657292,b,,2,0.41458299999999326,0.8291659999999865
278.071875,b,,3,0.42708300000003874,0.8541660000000775
278.498958,db,,1,0.41562499999997726,0.8312499999999545
278.914583,b,,2,0.39479199999999537,0.7895839999999907
279.309375,b,,3,0.40625,0.8125
279.715625,db,,1,0.407291999999984,0.814583999999968
280.122917,b,,2,0.405208000000016,0.810416000000032
280.528125,b,,3,0.39635400000003074,0.7927080000000615
280.924479,db,,1,0.40156200000001263,0.8031240000000253
281.32604100000003,b,,2,0.39739699999995537,0.7947939999999107
281.723438,b,,3,0.41302000000001726,0.8260400000000345
282.136458,db,,1,0.3968760000000202,0.7937520000000404
282.533334,b,,2,0.4104159999999979,0.8208319999999958
282.94375,b,,3,0.439062999999976,0.878125999999952
283.382813,db,,1,0.4255200000000059,0.8510400000000118
283.808333,b,,2,0.3708340000000021,0.7416680000000042
284.179167,b,,3,0.3953119999999899,0.7906239999999798
284.574479,db,,1,0.41093799999998737,0.8218759999999747
284.985417,b,,2,0.389583000000016,0.779166000000032
285.375,b,,3,0.391145999999992,0.782291999999984
285.766146,db,,1,0.44010400000001937,0.8802080000000387
286.20625,b,,2,0.38749999999998863,0.7749999999999773
286.59375,b,,3,0.38437499999997726,0.7687499999999545
286.978125,db,,1,0.4302090000000476,0.8604180000000952
287.408334,b,,2,0.40520799999995916,0.8104159999999183
287.813542,b,,3,0.42395800000002737,0.8479160000000547
288.2375,db,,1,0.5229170000000067,1.0458340000000135
288.760417,b,,2,0.4395829999999705,0.879165999999941
289.2,b,,3,0.43958300000002737,0.8791660000000547
289.639583,db,,1,0.4958340000000021,0.9916680000000042
290.135417,b,,2,0.4114579999999819,0.8229159999999638
290.546875,b,,3,0.41145899999997937,0.8229179999999587
290.958334,db,,1,0.41145800000003874,0.8229160000000775
291.369792,b,,2,0.46875,0.9375
291.838542,b,,3,0.4541659999999865,0.908331999999973
292.292708,db,,1,0.532291999999984,1.064583999999968
