time,info,metrics,beat_number,duration,relative duration
0.5428120000000001,db,4/4,1,1.7159374999999994,3.431874999999999
2.2587494999999995,b,,2,1.6240630000000005,3.248126000000001
3.8828125,b,,3,1.5881249999999998,3.1762499999999996
5.4709375,b,,4,1.6134374999999999,3.2268749999999997
7.084375,db,,1,1.5625,3.125
8.646875,b,,2,1.658438000000002,3.316876000000004
10.305313000000002,b,,3,1.6348434999999988,3.2696869999999976
11.9401565,b,,4,1.6432804999999995,3.286560999999999
13.583437,db,,1,1.6103129999999997,3.2206259999999993
15.19375,b,,2,1.6556245,3.311249
16.8493745,b,,3,1.7104689999999998,3.4209379999999996
18.5598435,b,,4,1.6223434999999995,3.244686999999999
20.182187,db,,1,1.6298445000000008,3.2596890000000016
21.8120315,b,,2,1.6484375,3.296875
23.460469,b,,3,1.6035934999999988,3.2071869999999976
25.0640625,b,,4,1.8234375000000007,3.6468750000000014
26.8875,db,,1,1.5479684999999996,3.0959369999999993
28.4354685,b,,2,1.6645310000000002,3.3290620000000004
30.0999995,b,,3,1.6281254999999994,3.256250999999999
31.728125,b,,4,1.615000000000002,3.230000000000004
33.343125,db,,1,1.5387500000000003,3.0775000000000006
34.881875,b,,2,1.600468499999998,3.200936999999996
36.4823435,b,,3,1.6587505000000036,3.317501000000007
38.141094,b,,4,1.7209369999999993,3.4418739999999985
39.862031,db,,1,1.9067189999999954,3.813437999999991
41.76875,b,,2,1.5812500000000043,3.1625000000000085
43.35,b,,3,1.614688000000001,3.229376000000002
44.964688,b,,4,1.6545305,3.309061
46.6192185,db,,1,1.5443750000000094,3.0887500000000188
48.16359350000001,b,,2,1.6042184999999876,3.208436999999975
49.767812,b,,3,1.5154695000000018,3.0309390000000036
51.2832815,b,,4,1.5720304999999968,3.1440609999999936
52.855312,db,,1,1.4978130000000007,2.9956260000000015
54.353125,b,,2,1.5240620000000007,3.0481240000000014
55.877187,b,,3,1.4378134999999972,2.8756269999999944
57.3150005,b,,4,1.5412495000000064,3.0824990000000128
58.85625,db,,1,1.4540629999999979,2.9081259999999958
60.310313,b,,2,1.5593739999999983,3.1187479999999965
61.869687,b,,3,1.6064065000000127,3.2128130000000255
63.47609350000001,b,,4,1.5390629999999774,3.078125999999955
65.01515649999999,db,,1,1.5453120000000098,3.0906240000000196
66.5604685,b,,2,1.6520315000000068,3.3040630000000135
68.2125,b,,3,1.5417189999999863,3.0834379999999726
69.75421899999999,b,,4,1.5364060000000137,3.0728120000000274
71.290625,db,,1,1.436561999999995,2.87312399999999
72.727187,b,,2,1.6009379999999993,3.2018759999999986
74.328125,b,,3,1.4839060000000046,2.967812000000009
75.812031,b,,4,1.5785939999999954,3.157187999999991
77.390625,db,,1,1.4709370000000064,2.9418740000000128
78.861562,b,,2,1.4956249999999898,2.9912499999999795
80.357187,b,,3,1.4871875000000045,2.974375000000009
81.8443745,b,,4,1.5453124999999943,3.0906249999999886
83.389687,db,,1,1.4768750000000068,2.9537500000000136
84.866562,b,,2,1.5115629999999953,3.0231259999999907
86.378125,b,,3,1.6084380000000067,3.2168760000000134
87.986563,b,,4,1.5109364999999997,3.0218729999999994
89.4974995,db,,1,1.5404690000000016,3.0809380000000033
91.0379685,b,,2,1.6892184999999955,3.378436999999991
92.727187,b,,3,1.6456249999999955,3.291249999999991
94.372812,b,,4,1.5896880000000095,3.179376000000019
95.9625,db,,1,1.4718749999999972,2.9437499999999943
97.434375,b,,2,1.7718749999999943,3.5437499999999886
99.20625,b,,3,1.573906000000008,3.147812000000016
100.780156,b,,4,1.5739059999999938,3.1478119999999876
102.354062,db,,1,1.5762500000000017,3.1525000000000034
103.930312,b,,2,1.6446880000000021,3.2893760000000043
105.575,b,,3,1.5020310000000023,3.0040620000000047
107.077031,b,,4,1.5479689999999948,3.0959379999999896
108.625,db,,1,1.6531250000000028,3.3062500000000057
110.278125,b,,2,1.5271869999999979,3.0543739999999957
111.805312,b,,3,1.2853125000000176,2.5706250000000352
113.09062450000002,b,,4,1.675937499999975,3.35187499999995
114.766562,db,,1,1.568751000000006,3.137502000000012
116.335313,b,,2,1.5740619999999979,3.1481239999999957
117.909375,b,,3,1.5296875000000085,3.059375000000017
119.4390625,b,,4,1.5774994999999876,3.1549989999999752
121.016562,db,,1,1.6187500000000057,3.2375000000000114
122.635312,b,,2,2.0615630000000067,4.123126000000013
124.696875,b,,3,1.9771870000000007,3.9543740000000014
126.674062,b,,4,1.5873440000000159,3.1746880000000317
128.26140600000002,db,,1,1.525000499999976,3.050000999999952
129.7864065,b,,2,1.5303124999999795,3.060624999999959
131.31671899999998,b,,3,1.551405500000044,3.102811000000088
132.86812450000002,b,,4,1.5515624999999886,3.1031249999999773
134.419687,db,,1,1.5115629999999953,3.0231259999999907
135.93125,b,,2,1.5854684999999904,3.170936999999981
137.5167185,b,,3,1.616094000000004,3.232188000000008
139.1328125,b,,4,1.577499500000016,3.154999000000032
140.71031200000002,db,,1,1.596562500000033,3.193125000000066
142.30687450000005,b,,2,1.5806249999999977,3.1612499999999955
143.88749950000005,b,,3,1.5932814999999039,3.1865629999998077
145.48078099999995,b,,4,1.4312500000000625,2.862500000000125
146.912031,db,,1,1.5087504999999908,3.0175009999999816
148.4207815,b,,2,1.5296869999999956,3.059373999999991
149.9504685,b,,3,1.6421875000000057,3.2843750000000114
151.592656,b,,4,1.8553129999999953,3.7106259999999907
153.447969,db,,1,1.5129680000000008,3.0259360000000015
154.960937,b,,2,1.5509375000000034,3.101875000000007
156.5118745,b,,3,1.5731259999999452,3.1462519999998904
158.08500049999995,b,,4,1.5685930000000496,3.1371860000000993
159.6535935,db,,1,1.5598434999999995,3.106742240663911
161.213437,b,,2,1.558437500000025,3.2105150214592855
162.77187450000002,b,,3,1.2859379999999874,2.5718759999999747
164.0578125,b,,4,1.511874500000033,2.780458850574759
165.56968700000004,db,,1,1.6512509999999452,3.3025019999998904
167.220938,b,,2,1.4998430000000553,2.9996860000001107
168.72078100000004,b,,3,1.5176569999999572,3.0353139999999144
170.238438,b,,4,1.532968000000011,3.065936000000022
171.771406,db,,1,1.4817189999999982,2.9634379999999965
173.253125,b,,2,1.5603120000000388,3.1206240000000776
174.81343700000005,b,,3,1.5548439999999744,3.1096879999999487
176.36828100000002,b,,4,1.5264069999999776,3.0528139999999553
177.894688,db,,1,1.5,3.0
179.394688,b,,2,1.4896870000000035,2.979374000000007
180.884375,b,,3,1.4417185000000075,2.883437000000015
182.3260935,b,,4,1.506094499999989,3.012188999999978
183.832188,db,,1,1.4762489999999957,2.9524979999999914
185.308437,b,,2,1.4946879999999965,2.989375999999993
186.803125,b,,3,1.5,3.0
188.303125,b,,4,1.4906249999999943,2.9812499999999886
189.79375,db,,1,1.4604685000000188,2.9209370000000376
191.2542185,b,,2,1.5551564999999812,3.1103129999999624
192.809375,b,,3,1.496875000000017,2.993750000000034
194.30625,b,,4,1.416561999999999,2.833123999999998
195.722812,db,,1,1.461562999999984,2.923125999999968
197.184375,b,,2,1.5312495000000013,3.0624990000000025
198.7156245,b,,3,1.4912500000000364,2.9825000000000728
200.20687450000003,b,,4,1.5221874999999727,3.0443749999999454
201.729062,db,,1,1.4875010000000088,2.9750020000000177
203.216563,b,,2,1.4865619999999922,2.9731239999999843
204.703125,b,,3,1.4156250000000057,2.8312500000000114
206.11875,b,,4,1.5021869999999922,3.0043739999999843
207.620937,db,,1,1.4228129999999908,2.8456259999999816
209.04375,b,,2,1.3571870000000104,2.7143740000000207
210.400937,b,,3,1.3640629999999874,2.7281259999999747
211.765,b,,4,1.4781255000000044,2.956251000000009
213.2431255,db,,1,1.5354680000000087,3.0709360000000174
214.7785935,b,,2,1.742343500000004,3.484687000000008
216.520937,b,,3,1.6156250000000227,3.2312500000000455
218.13656200000003,b,,4,1.5031259999999804,3.006251999999961
219.639688,db,,1,1.421875,2.84375
221.061563,b,,2,1.482186999999982,2.964373999999964
222.54375,b,,3,1.6053119999999979,3.2106239999999957
224.149062,b,,4,1.4915630000000135,2.983126000000027
225.640625,db,,1,1.5437499999999886,3.0874999999999773
227.184375,b,,2,1.5776560000000188,3.1553120000000376
228.762031,b,,3,1.463907000000006,2.927814000000012
230.225938,b,,4,1.5115619999999979,3.0231239999999957
231.7375,db,,1,1.6134369999999763,3.2268739999999525
233.350937,b,,2,1.5126570000000186,3.025314000000037
234.863594,b,,3,1.3560929999999871,2.7121859999999742
236.219687,b,,4,1.508437500000042,3.016875000000084
237.72812450000004,db,,1,1.5084374999999568,3.0168749999999136
239.236562,b,,2,1.5087505000000192,3.0175010000000384
240.7453125,b,,3,1.5546870000000013,3.1093740000000025
242.2999995,b,,4,1.5531249999999943,3.1062499999999886
243.8531245,db,,1,1.5776564999999891,3.1553129999999783
245.430781,b,,2,2.4795310000000086,4.959062000000017
247.910312,b,,3,2.3704689999999857,4.7409379999999715
