time,info,metrics,beat_number,duration,relative duration
0.5196875000000001,db,4/4,1,1.6181249999999998,3.2362499999999996
2.1378125,b,,2,1.6089060000000002,3.2178120000000003
3.7467185,b,,3,1.6339060000000014,3.267812000000003
5.3806245000000015,b,,4,1.6671879999999986,3.334375999999997
7.0478125,db,,1,1.6046874999999998,3.2093749999999996
8.6525,b,,2,1.6193749999999998,3.2387499999999996
10.271875,b,,3,1.698281500000002,3.396563000000004
11.970156500000002,b,,4,1.7095309999999984,3.4190619999999967
13.6796875,db,,1,1.6593750000000007,3.3187500000000014
15.3390625,b,,2,1.7582810000000002,3.5165620000000004
17.0973435,b,,3,1.6649999999999991,3.3299999999999983
18.7623435,b,,4,1.6917195000000014,3.3834390000000027
20.454063,db,,1,1.6968744999999998,3.3937489999999997
22.1509375,b,,2,1.7145309999999974,3.4290619999999947
23.8654685,b,,3,1.6839070000000014,3.3678140000000027
25.5493755,b,,4,2.0718745,4.143749
27.62125,db,,1,1.8553125000000001,3.7106250000000003
29.4765625,b,,2,1.6707810000000016,3.3415620000000033
31.1473435,b,,3,1.665468999999998,3.330937999999996
32.8128125,b,,4,1.728749999999998,3.457499999999996
34.5415625,db,,1,1.6765630000000016,3.353126000000003
36.2181255,b,,2,1.6718745000000013,3.3437490000000025
37.89,b,,3,1.681719000000001,3.363438000000002
39.571719,b,,4,1.8520309999999967,3.7040619999999933
41.42375,db,,1,1.8875000000000028,3.7750000000000057
43.31125,b,,2,1.732343499999999,3.464686999999998
45.0435935,b,,3,1.7032815000000028,3.4065630000000056
46.746875,b,,4,1.7060940000000002,3.4121880000000004
48.452969,db,,1,1.7437494999999998,3.4874989999999997
50.1967185,b,,2,2.0364064999999982,4.0728129999999965
52.233125,b,,3,1.9579685000000069,3.9159370000000138
54.19109350000001,b,,4,1.7764064999999931,3.5528129999999862
55.9675,db,,1,1.7312499999999957,3.4624999999999915
57.69875,b,,2,1.7075000000000031,3.4150000000000063
59.40625,b,,3,1.7109375,3.421875
61.1171875,b,,4,1.7221874999999969,3.4443749999999937
62.839375,db,,1,1.6678130000000024,3.335626000000005
64.507188,b,,2,1.7000000000000028,3.4000000000000057
66.207188,b,,3,2.061562000000009,4.123124000000018
68.26875000000001,b,,4,1.745156499999979,3.490312999999958
70.01390649999999,db,,1,1.7276560000000103,3.4553120000000206
71.7415625,b,,2,2.0053125000000023,4.0106250000000045
73.746875,b,,3,1.8489064999999982,3.6978129999999965
75.5957815,b,,4,1.767656500000001,3.535313000000002
77.363438,db,,1,1.8103119999999961,3.6206239999999923
79.17375,b,,2,1.9631250000000051,3.9262500000000102
81.136875,b,,3,1.6848434999999995,3.369686999999999
82.8217185,b,,4,1.7426564999999954,3.485312999999991
84.564375,db,,1,1.6593749999999972,3.3187499999999943
86.22375,b,,2,1.7021870000000092,3.4043740000000184
87.925937,b,,3,1.6589069999999708,3.3178139999999416
89.58484399999998,b,,4,1.7410930000000207,3.4821860000000413
91.325937,db,,1,1.6915630000000021,3.3831260000000043
93.0175,b,,2,1.723124999999996,3.446249999999992
94.740625,b,,3,2.064531500000001,4.129063000000002
96.8051565,b,,4,1.7562500000000085,3.512500000000017
98.5614065,db,,1,1.7229684999999932,3.4459369999999865
100.284375,b,,2,2.1000000000000085,4.200000000000017
102.384375,b,,3,1.766562499999992,3.533124999999984
104.1509375,b,,4,1.733437500000008,3.466875000000016
105.884375,db,,1,1.8531249999999915,3.706249999999983
107.7375,b,,2,2.2706250000000097,4.541250000000019
110.008125,b,,3,1.6281249999999972,3.2562499999999943
111.63625,b,,4,1.6387500000000017,3.2775000000000034
113.275,db,,1,1.6531249999999886,3.3062499999999773
114.928125,b,,2,1.7384370000000047,3.4768740000000093
116.666562,b,,3,1.6053129999999953,3.2106259999999907
118.271875,b,,4,1.651875000000004,3.303750000000008
119.92375,db,,1,1.65625,3.3125
121.58,b,,2,1.8720310000000069,3.7440620000000138
123.452031,b,,3,1.5989064999999982,3.1978129999999965
125.0509375,b,,4,1.79374949999999,3.58749899999998
126.844687,db,,1,1.8781250000000114,3.7562500000000227
128.722812,b,,2,1.7725005000000067,3.5450010000000134
130.4953125,b,,3,1.8171874999999886,3.6343749999999773
132.3125,b,,4,1.882187000000016,3.764374000000032
134.19468700000002,db,,1,1.715625999999986,3.431251999999972
135.910313,b,,2,2.2624990000000196,4.524998000000039
138.17281200000002,b,,3,2.2696879999999737,4.5393759999999475
140.4425,b,,4,2.361562000000049,4.723124000000098
142.80406200000004,db,,1,1.9479694999999424,3.895938999999885
144.7520315,b,,2,1.6489060000000109,3.2978120000000217
146.4009375,b,,3,1.6942185000000052,3.3884370000000104
148.095156,b,,4,1.6765625000000455,3.353125000000091
149.77171850000005,db,,1,1.6828124999999545,3.365624999999909
151.454531,b,,2,1.7110940000000028,3.4221880000000056
153.165625,b,,3,1.7212499999999977,3.4424999999999955
154.886875,b,,4,1.7364065000000437,3.4728130000000874
156.62328150000005,db,,1,1.8240619999999979,3.6481239999999957
158.44734350000004,b,,2,1.779687499999966,3.559374999999932
160.227031,b,,3,1.751562500000034,3.503125000000068
161.97859350000004,b,,4,1.5692185000000052,3.1384370000000104
163.54781200000005,db,,1,1.7120314999999948,3.4240629999999896
165.25984350000004,b,,2,1.7285939999999584,3.457187999999917
166.9884375,b,,3,1.717812500000008,3.435625000000016
168.70625,b,,4,2.2243750000000375,4.448750000000075
170.93062500000005,db,,1,1.8067184999999597,3.6134369999999194
172.7373435,b,,2,1.7370310000000018,3.4740620000000035
174.4743745,b,,3,1.6979694999999424,3.395938999999885
176.17234399999995,b,,4,1.7868745000000956,3.5737490000001912
177.95921850000005,db,,1,1.7282814999999516,3.442220414937676
179.6875,b,,2,1.59375,3.283261802575114
181.28125,b,,3,1.59375,3.1875
182.875,b,,4,1.852499999999992,3.4068965517241057
184.7275,db,,1,2.0087500000000205,4.017500000000041
186.73625,b,,2,1.7412499999999795,3.482499999999959
188.4775,b,,3,1.6837500000000034,3.367500000000007
190.16125,b,,4,1.697499999999991,3.394999999999982
191.85875,db,,1,1.7103125000000148,3.4206250000000296
193.5690625,b,,2,1.9309374999999989,3.8618749999999977
195.5,b,,3,2.094218500000011,4.188437000000022
197.5942185,b,,4,1.9432814999999835,3.886562999999967
199.5375,db,,1,1.7509369999999933,3.5018739999999866
201.288437,b,,2,1.6884380000000192,3.3768760000000384
202.976875,b,,3,1.6943744999999808,3.3887489999999616
204.6712495,b,,4,1.775625500000018,3.551251000000036
206.446875,db,,1,1.7134379999999965,3.426875999999993
208.160313,b,,2,1.7571869999999876,3.5143739999999752
209.9175,b,,3,2.0428124999999966,4.085624999999993
211.9603125,b,,4,1.761562500000025,3.52312500000005
213.721875,db,,1,1.6915619999999763,3.3831239999999525
215.413437,b,,2,2.059375000000017,4.118750000000034
217.472812,b,,3,1.695937999999984,3.391875999999968
219.16875,b,,4,1.7706250000000239,3.5412500000000477
220.939375,db,,1,1.8021869999999751,3.6043739999999502
222.741562,b,,2,1.8432820000000163,3.6865640000000326
224.584844,b,,3,1.6790619999999876,3.3581239999999752
226.263906,b,,4,1.748593999999997,3.497187999999994
228.0125,db,,1,1.7456250000000182,3.4912500000000364
229.758125,b,,2,1.7562499999999943,3.5124999999999886
231.514375,b,,3,1.6807814999999948,3.3615629999999896
233.1951565,b,,4,1.6567185000000109,3.3134370000000217
234.851875,db,,1,1.7512499999999989,3.5024999999999977
236.603125,b,,2,1.6362499999999898,3.2724999999999795
238.239375,b,,3,2.296875,4.59375
240.53625,b,,4,1.8412500000000023,3.6825000000000045
242.3775,db,,1,1.62968699999999,3.25937399999998
244.007187,b,,2,2.0146880000000067,4.029376000000013
246.021875,b,,3,1.7281250000000057,3.4562500000000114
247.75,b,,4,1.6531249999999886,3.3062499999999773
249.403125,db,,1,1.760311999999999,3.520623999999998
251.163437,b,,2,2.047813000000019,4.095626000000038
253.21125,b,,3,1.9303119999999865,3.860623999999973
255.141562,b,,4,1.649062999999984,3.298125999999968
256.790625,db,,1,1.705000000000041,3.410000000000082
258.495625,b,,2,1.8153125000000045,3.630625000000009
260.3109375,b,,3,1.674374499999999,3.348748999999998
261.985312,b,,4,1.724999999999966,3.449999999999932
263.710312,db,,1,1.895938000000001,3.791876000000002
265.60625,b,,2,1.8739060000000336,3.747812000000067
267.480156,b,,3,1.520781999999997,3.041563999999994
269.000938,b,,4,1.9468744999999785,3.893748999999957
270.9478125,db,,1,1.9468745000000354,3.8937490000000707
272.89468700000003,b,,2,1.8723439999999982,3.7446879999999965
274.76703100000003,b,,3,1.9388282499999718,3.8776564999999437
276.70585925,b,,4,1.9388282499999718,3.8776564999999437
278.6446875,db,,1,1.845781000000045,3.69156200000009
280.4904685,b,,2,3.066718499999979,6.133436999999958
283.557187,b,,3,2.7134379999999965,5.426875999999993
