time,info,metrics,beat_number,duration,relative duration
2.0576905,db,6/8,1,0.5309824999999999,0.7079766666666666
2.588673,b,,2,0.504273,0.672364
3.092946,db,,1,0.5341870000000002,0.7122493333333336
3.627133,b,,2,0.5459400000000003,0.7279200000000005
4.1730730000000005,db,,1,0.5416659999999993,0.7222213333333324
4.714739,b,,2,0.5112170000000003,0.681622666666667
5.225956,db,,1,0.5016024999999997,0.668803333333333
5.7275585,b,,2,0.5555550000000027,0.7407400000000036
6.2831135000000025,db,,1,0.5587599999999977,0.7450133333333303
6.8418735,b,,2,0.5512819999999987,0.735042666666665
7.393155499999999,db,,1,0.5929475000000011,0.7905966666666681
7.986103,b,,2,0.7115380000000009,0.9487173333333345
8.697641,db,,1,0.5202989999999996,0.6937319999999995
9.21794,b,,2,0.5149559999999997,0.6866079999999997
9.732896,db,,1,0.5341880000000003,0.7122506666666671
10.267084,b,,2,0.5256399999999992,0.7008533333333323
10.792724,db,,1,0.5368589999999998,0.7158119999999997
11.329583,b,,2,0.5021360000000001,0.6695146666666668
11.831719,db,,1,0.5224355000000003,0.6965806666666671
12.3541545,b,,2,0.5112169999999985,0.6816226666666646
12.865371499999998,db,,1,0.5576919999999994,0.7435893333333325
13.423063499999998,b,,2,0.594550500000004,0.7927340000000053
14.017614000000002,db,,1,0.6207264999999982,0.827635333333331
14.6383405,b,,2,0.7483965000000001,0.9978620000000001
15.386737,db,,1,0.9967940000000013,1.3290586666666684
16.383531,b,,2,0.5571570000000001,0.7428760000000002
16.940688,db,,1,0.5870719999999992,0.7827626666666655
17.52776,b,,2,0.5560894999999988,0.7414526666666651
18.0838495,db,,1,0.5849355000000003,0.7799140000000003
18.668785,b,,2,0.5779910000000008,0.7706546666666677
19.246776,db,,1,0.5993579999999987,0.7991439999999983
19.846134,b,,2,0.6025635000000023,0.803418000000003
20.4486975,db,,1,0.5624994999999977,0.7499993333333302
21.011197,b,,2,0.6047004999999999,0.8062673333333331
21.6158975,db,,1,0.6201915000000007,0.8269220000000009
22.236089,b,,2,0.5774565000000003,0.7699420000000003
22.8135455,db,,1,0.6073710000000005,0.8098280000000008
23.4209165,b,,2,0.5854694999999985,0.780625999999998
24.006386,db,,1,0.5929485000000021,0.7905980000000028
24.5993345,b,,2,0.5993584999999975,0.7991446666666633
25.198693,db,,1,0.5657045000000025,0.75427266666667
25.7643975,b,,2,0.6554479999999998,0.8739306666666664
26.4198455,db,,1,0.6826915000000007,0.9102553333333342
27.102537,b,,2,0.5598285000000018,0.7464380000000025
27.662365500000003,db,,1,0.563033499999996,0.750711333333328
28.225399,b,,2,0.7905979999999992,1.0541306666666657
29.015997,db,,1,0.6698710000000005,0.893161333333334
29.685868,b,,2,0.5950845000000022,0.793446000000003
30.2809525,db,,1,0.7019224999999985,0.9358966666666646
30.982875,b,,2,0.7136749999999985,0.9515666666666647
31.69655,db,,1,0.8290585000000057,1.1054113333333409
32.525608500000004,b,,2,0.6802879999999973,0.9070506666666631
33.2058965,db,,1,0.6802879999999973,0.9070506666666631
33.8861845,b,,2,0.5491445000000041,0.7321926666666722
34.435329,db,,1,0.5550204999999906,0.7400273333333208
34.990349499999994,b,,2,0.8354695000000092,1.1139593333333455
35.825819,db,,1,0.6960460000000097,0.9280613333333463
36.52186500000001,b,,2,0.7804484999999843,1.040597999999979
37.3023135,db,,1,0.6912380000000056,0.9216506666666741
37.9935515,b,,2,0.9711534999999998,1.294871333333333
38.964705,db,,1,0.6997849999999985,0.9330466666666647
39.66449,b,,2,0.8124995000000013,1.0833326666666683
40.4769895,db,,1,0.6191235000000006,0.8254980000000008
41.096113,b,,2,0.618589,0.8247853333333334
41.714702,db,,1,0.6356830000000002,0.8475773333333336
42.350385,b,,2,0.5945509999999956,0.7927346666666608
42.944936,db,,1,0.6201915000000042,0.8269220000000056
43.5651275,b,,2,0.7200849999999974,0.9601133333333299
44.2852125,db,,1,0.877670000000002,1.1702266666666692
45.1628825,b,,2,1.0122849999999985,1.3497133333333313
46.1751675,db,,1,0.639422500000002,0.852563333333336
46.81459,b,,2,0.710469499999995,0.94729266666666
47.5250595,db,,1,0.6677345000000017,0.8903126666666689
48.192794,b,,2,0.6554475000000011,0.8739300000000014
48.8482415,db,,1,0.6485034999999968,0.864671333333329
49.496745,b,,2,0.5876064999999997,0.783475333333333
50.0843515,db,,1,0.5459400000000016,0.7279200000000022
50.6302915,b,,2,0.5384609999999981,0.7179479999999975
51.1687525,db,,1,0.5347215000000034,0.7129620000000045
51.703474,b,,2,0.5982899999999987,0.7977199999999982
52.301764,db,,1,0.6362170000000091,0.8482893333333456
52.93798100000001,b,,2,0.5913459999999944,0.7884613333333258
53.529327,db,,1,0.6052339999999958,0.8069786666666611
54.134561,b,,2,0.5908119999999997,0.7877493333333329
54.725373,db,,1,0.5982894999999999,0.7977193333333332
55.3236625,b,,2,0.5555550000000054,0.7407400000000072
55.8792175,db,,1,0.5400639999999939,0.7200853333333251
56.4192815,b,,2,0.5507470000000154,0.7343293333333539
56.97002850000001,db,,1,0.5555554999999899,0.7407406666666532
57.525584,b,,2,0.5245715000000004,0.6994286666666673
58.0501555,db,,1,0.5662389999999959,0.754985333333328
58.6163945,b,,2,0.6073710000000077,0.8098280000000102
59.223765500000006,db,,1,0.5683760000000007,0.7578346666666675
59.79214150000001,b,,2,0.5619649999999865,0.7492866666666487
60.35410649999999,db,,1,0.5603630000000095,0.7471506666666793
60.9144695,b,,2,0.5908110000000093,0.7877480000000124
61.50528050000001,db,,1,0.5726484999999997,0.7635313333333329
62.07792900000001,b,,2,0.6404909999999902,0.8539879999999869
62.71842,db,,1,0.6223290000000006,0.8297720000000007
63.340749,b,,2,0.5774565000000038,0.7699420000000051
63.918205500000006,db,,1,0.6228625000000036,0.8304833333333382
64.54106800000001,b,,2,0.6153839999999917,0.8205119999999889
65.156452,db,,1,0.6201919999999888,0.8269226666666517
65.77664399999999,b,,2,0.5646355000000085,0.7528473333333446
66.3412795,db,,1,0.5710470000000072,0.7613960000000096
66.9123265,b,,2,0.6805544999999995,0.9074059999999994
67.592881,db,,1,0.6260680000000036,0.8347573333333381
68.21894900000001,b,,2,0.5950849999999832,0.7934466666666443
68.81403399999999,db,,1,0.6228625000000108,0.8304833333333477
69.4368965,b,,2,0.5876065000000068,0.7834753333333424
70.02450300000001,db,,1,0.6383539999999641,0.8511386666666189
70.66285699999997,b,,2,0.6517085000000264,0.8689446666667019
71.3145655,db,,1,0.6356830000000002,0.8475773333333336
71.9502485,b,,2,0.6639949999999857,0.8853266666666476
72.61424349999999,db,,1,0.5982904999999903,0.7977206666666538
73.21253399999998,b,,2,0.6137810000000457,0.8183746666667275
73.82631500000002,db,,1,0.6452984999999529,0.8603979999999373
74.47161349999998,b,,2,0.6394225000000233,0.8525633333333644
75.111036,db,,1,0.6004269999999963,0.8005693333333284
75.711463,b,,2,0.6308750000000032,0.841166666666671
76.342338,db,,1,0.5763885000000073,0.7685180000000097
76.9187265,b,,2,0.6501064999999926,0.8668086666666568
77.568833,db,,1,0.6095080000000053,0.8126773333333404
78.178341,b,,2,0.5913449999999898,0.7884599999999864
78.769686,db,,1,0.6073714999999851,0.8098286666666468
79.37705749999998,b,,2,0.6314095000000464,0.8418793333333952
80.00846700000002,db,,1,0.5940164999999524,0.7920219999999366
80.60248349999998,b,,2,0.6111105000000236,0.8148140000000316
81.213594,db,,1,0.5422005000000212,0.7229340000000283
81.75579450000002,b,,2,0.5443365,0.725782
82.30013100000002,db,,1,0.5518159999999739,0.7357546666666318
82.851947,b,,2,0.5475419999999787,0.7300559999999715
83.39948899999997,db,,1,0.5261750000000234,0.7015666666666979
83.925664,b,,2,0.5566235000000006,0.7421646666666675
84.4822875,db,,1,0.5101484999999997,0.6801979999999995
84.992436,b,,2,0.5128200000000049,0.6837600000000066
85.505256,db,,1,0.4914529999999928,0.6552706666666571
85.996709,b,,2,0.6244650000000007,0.8326200000000009
86.621174,db,,1,0.6501060000000081,0.8668080000000108
87.27128,b,,2,0.6479700000000008,0.8639600000000011
87.91925,db,,1,0.6330119999999937,0.8440159999999916
88.552262,b,,2,0.6143160000000023,0.819088000000003
89.166578,db,,1,0.6121780000000001,0.8162373333333335
89.778756,b,,2,0.7061960000000056,0.9415946666666741
90.484952,db,,1,0.7873929999999945,1.0498573333333259
91.272345,b,,2,0.7606830000000002,1.0142440000000004
92.033028,db,,1,0.5363239999999934,0.7150986666666578
92.569352,b,,2,0.5496790000000118,0.7329053333333491
93.119031,db,,1,0.5395294999999862,0.7193726666666483
93.6585605,b,,2,0.5496790000000118,0.7329053333333491
94.2082395,db,,1,0.5331185000000005,0.7108246666666673
94.741358,b,,2,0.5544869999999946,0.7393159999999929
95.295845,db,,1,0.5416660000000064,0.7222213333333419
95.837511,b,,2,0.49572599999999056,0.6609679999999875
96.333237,db,,1,0.491453000000007,0.655270666666676
96.82469,b,,2,0.5694434999999913,0.7592579999999884
97.3941335,db,,1,0.6388885000000073,0.8518513333333431
98.033022,b,,2,0.6607899999999916,0.881053333333322
98.693812,db,,1,0.658653000000001,0.8782040000000014
99.352465,b,,2,0.6121790000000118,0.8162386666666824
99.964644,db,,1,0.6367509999999896,0.8490013333333195
100.601395,b,,2,0.7120720000000063,0.9494293333333417
101.313467,db,,1,0.7462599999999924,0.9950133333333232
102.059727,b,,2,0.7019225000000091,0.9358966666666788
102.7616495,db,,1,0.5747854999999902,0.7663806666666536
103.336435,b,,2,0.5293800000000033,0.7058400000000044
103.865815,db,,1,0.5998930000000087,0.7998573333333449
104.465708,b,,2,0.564635999999993,0.7528479999999907
105.030344,db,,1,0.5742510000000038,0.7656680000000051
105.604595,b,,2,0.5662389999999959,0.754985333333328
106.170834,db,,1,0.557692000000003,0.7435893333333373
106.728526,b,,2,0.573717000000002,0.7649560000000027
107.302243,db,,1,0.5630340000000018,0.7507120000000024
107.865277,b,,2,0.5817299999999932,0.7756399999999909
108.447007,db,,1,0.5464735000000047,0.7286313333333396
108.9934805,b,,2,0.6346149999999966,0.8461533333333288
109.6280955,db,,1,0.5726489999999984,0.7635319999999979
110.2007445,b,,2,0.649572500000005,0.8660966666666733
110.850317,db,,1,0.6132470000000012,0.8176626666666683
111.463564,b,,2,0.6132470000000012,0.8176626666666683
112.076811,db,,1,0.5705119999999937,0.7606826666666583
112.647323,b,,2,0.5555549999999982,0.7407399999999976
113.202878,db,,1,0.5438029999999969,0.7250706666666625
113.746681,b,,2,0.5427350000000075,0.7236466666666767
114.289416,db,,1,0.5534179999999935,0.737890666666658
114.842834,b,,2,0.5341875000000016,0.7122500000000022
115.3770215,db,,1,0.5283114999999867,0.7044153333333156
115.90533299999998,b,,2,0.5619650000000149,0.7492866666666865
116.467298,db,,1,0.5699785000000048,0.7599713333333398
117.0372765,b,,2,0.5988239999999792,0.7984319999999722
117.63610049999998,db,,1,0.5646365000000344,0.7528486666667126
118.20073700000002,b,,2,0.5614309999999847,0.7485746666666463
118.762168,db,,1,0.5924134999999922,0.7898846666666562
119.3545815,b,,2,0.5865375000000057,0.7820500000000076
119.941119,db,,1,0.5309830000000062,0.7079773333333416
120.472102,b,,2,0.5149569999999954,0.6866093333333273
120.987059,db,,1,0.5758539999999925,0.7678053333333233
121.562913,b,,2,0.5790590000000009,0.7720786666666678
122.141972,db,,1,0.535256000000004,0.7136746666666719
122.677228,b,,2,0.5934825000000075,0.79131000000001
123.2707105,db,,1,0.5438024999999982,0.7250699999999975
123.814513,b,,2,0.5934819999999945,0.791309333333326
124.407995,db,,1,0.5737179999999853,0.7649573333333137
124.98171299999998,b,,2,0.5694440000000185,0.7592586666666913
125.551157,db,,1,0.5897429999999986,0.7863239999999981
126.1409,b,,2,0.6351485000000139,0.8468646666666851
126.77604850000002,db,,1,0.597755499999991,0.7970073333333213
127.373804,b,,2,0.5721154999999953,0.7628206666666605
127.9459195,db,,1,0.5865374999999915,0.7820499999999887
128.532457,b,,2,0.6105760000000089,0.8141013333333452
129.143033,db,,1,0.5833329999999819,0.7777773333333092
129.72636599999998,b,,2,0.5608970000000113,0.7478626666666818
130.287263,db,,1,0.5448710000000005,0.7264946666666674
130.832134,b,,2,0.6084395000000029,0.8112526666666705
131.4405735,db,,1,0.5256410000000074,0.7008546666666765
131.9662145,b,,2,0.5849350000000015,0.7799133333333353
132.5511495,db,,1,0.5315165000000093,0.7086886666666791
133.08266600000002,b,,2,0.5998929999999802,0.799857333333307
133.682559,db,,1,0.5641020000000196,0.7521360000000262
134.24666100000002,b,,2,0.535254999999978,0.7136733333333041
134.781916,db,,1,0.563034000000016,0.7507120000000214
135.34495,b,,2,0.5929485000000057,0.7905980000000076
135.93789850000002,db,,1,0.6127124999999864,0.816949999999982
136.550611,b,,2,0.6613244999999779,0.8817659999999705
137.21193549999998,db,,1,0.619123500000029,0.8254980000000387
137.831059,b,,2,0.6431614999999908,0.8575486666666544
138.4742205,db,,1,0.6143155000000036,0.819087333333338
139.088536,b,,2,0.6415590000000009,0.8554120000000012
139.730095,db,,1,0.6501069999999913,0.8668093333333218
140.380202,b,,2,0.6249985000000038,0.8333313333333384
141.0052005,db,,1,0.6260685000000024,0.8347580000000031
141.631269,b,,2,0.6356824999999446,0.8475766666665928
142.26695149999995,db,,1,0.6485035000000607,0.8646713333334143
142.915455,b,,2,0.6303419999999846,0.8404559999999796
143.545797,db,,1,0.6559820000000514,0.8746426666667352
144.20177900000004,b,,2,0.6207259999999621,0.8276346666666162
144.822505,db,,1,0.6533109999999454,0.8710813333332604
145.47581599999995,b,,2,0.6030980000000454,0.8041306666667273
146.078914,db,,1,0.5801270000000045,0.7735026666666727
146.659041,b,,2,0.5865379999999902,0.7820506666666537
147.245579,db,,1,0.5608970000000113,0.7478626666666818
147.806476,b,,2,0.54914500000001,0.7321933333333467
148.355621,db,,1,0.5982899999999916,0.7977199999999888
148.953911,b,,2,0.5747859999999889,0.7663813333333186
149.528697,db,,1,0.5534179999999935,0.737890666666658
150.082115,b,,2,0.5598280000000102,0.7464373333333469
150.641943,db,,1,0.563034000000016,0.7507120000000214
151.204977,b,,2,0.5331189999999424,0.7108253333332565
151.73809599999996,db,,1,0.5288460000000441,0.7051280000000588
152.266942,b,,2,0.5341870000000029,0.7122493333333372
152.801129,db,,1,0.5384609999999839,0.7179479999999785
153.33959,b,,2,0.7029910000000257,0.9373213333333675
154.042581,db,,1,0.6976489999999842,0.9301986666666456
154.74023,b,,2,0.6976490000000126,0.9301986666666835
155.437879,db,,1,0.6100419999999929,0.8133893333333239
156.047921,b,,2,0.6736104999999952,0.898147333333327
156.7215315,db,,1,0.6180544999999995,0.824072666666666
157.339586,b,,2,0.6020295000000147,0.8027060000000196
157.9416155,db,,1,0.5977554999999768,0.7970073333333024
158.539371,b,,2,0.634081000000009,0.8454413333333454
159.173452,db,,1,0.5699780000000487,0.7599706666667316
159.74343000000005,b,,2,0.6143159999999455,0.8190879999999273
160.357746,db,,1,0.6004259999999988,0.8005679999999984
160.958172,b,,2,0.6458335000000375,0.8611113333333833
161.60400550000003,db,,1,0.6367509999999186,0.8490013333332248
162.24075649999995,b,,2,0.6153840000000059,0.8205120000000079
162.85614049999995,db,,1,0.621260000000035,0.8283466666667133
163.4774005,b,,2,0.7665595000000565,1.0220793333334086
164.24396000000004,db,,1,0.6191230000000019,0.8254973333333359
164.86308300000005,b,,2,0.6153839999999491,0.8205119999999321
165.478467,db,,1,0.5897430000000554,0.7863240000000739
166.06821000000005,b,,2,0.6399564999999541,0.8532753333332721
166.7081665,db,,1,0.6415594999999996,0.8554126666666662
167.349726,b,,2,0.6426270000000045,0.856836000000006
167.992353,db,,1,0.6244655000000421,0.8326206666667227
168.61681850000005,b,,2,0.6356834999999421,0.8475779999999228
169.252502,db,,1,0.5742510000000038,0.7656680000000051
169.826753,b,,2,0.6052349999999933,0.806979999999991
170.431988,db,,1,0.5892085000000122,0.7856113333333496
171.0211965,b,,2,0.6148494999999912,0.8197993333333216
171.636046,db,,1,0.5811965000000043,0.7749286666666725
172.2172425,b,,2,0.5838669999999979,0.7784893333333306
172.8011095,db,,1,0.5769225000000517,0.769230000000069
173.37803200000005,b,,2,0.5576919999999461,0.7435893333332615
173.935724,db,,1,0.537036333333333,0.716048444444444
174.47276033333333,b,,2,0.5370363333333614,0.7160484444444819
175.0097966666667,db,,1,0.5370363333333614,0.7160484444444819
175.54683300000005,b,,2,0.5470079999999484,0.7293439999999313
176.093841,db,,1,0.5331189999999992,0.7108253333333323
176.62696,b,,2,0.5438029999999969,0.7250706666666625
177.170763,db,,1,0.526709000000011,0.7022786666666813
177.697472,b,,2,0.5459400000000016,0.7279200000000022
178.243412,db,,1,0.5555549999999982,0.7407399999999976
178.798967,b,,2,0.7654904999999985,1.020653999999998
179.5644575,db,,1,0.5304475000000082,0.7072633333333442
180.094905,b,,2,0.5213669999999979,0.6951559999999972
180.616272,db,,1,0.5544869999999946,0.7393159999999929
181.170759,b,,2,0.5363240000000076,0.7150986666666768
181.707083,db,,1,0.5443374999999833,0.725783333333311
182.2514205,b,,2,0.5176275000000032,0.6901700000000043
182.769048,db,,1,0.5384610000000123,0.7179480000000164
183.307509,b,,2,0.5587599999999782,0.7450133333333042
183.866269,db,,1,0.5897429999999986,0.7863239999999981
184.456012,b,,2,0.5571575000000166,0.7428766666666888
185.0131695,db,,1,0.6276704999999936,0.8368939999999915
185.64084,b,,2,0.731837000000013,0.9757826666666839
186.372677,db,,1,0.5128199999999765,0.6837599999999687
186.885497,b,,2,0.5331189999999992,0.7108253333333323
187.418616,db,,1,0.5224350000000015,0.6965800000000021
187.941051,b,,2,0.5651710000000207,0.753561333333361
188.506222,db,,1,0.535256000000004,0.7136746666666719
189.041478,b,,2,0.5507470000000012,0.7343293333333349
189.592225,db,,1,0.5571574999999882,0.742876666666651
190.1493825,b,,2,0.5779909999999973,0.770654666666663
190.7273735,db,,1,0.6100419999999929,0.8133893333333239
191.3374155,b,,2,0.6303410000000156,0.8404546666666874
191.9677565,db,,1,0.6394224999999949,0.8525633333333266
192.607179,b,,2,0.7756405000000086,1.034187333333345
193.3828195,db,,1,0.9033115000000009,1.2044153333333345
194.286131,b,,2,0.5518154999999751,0.7357539999999668
194.8379465,db,,1,0.582798500000024,0.7770646666666986
195.420745,b,,2,0.5950844999999845,0.7934459999999793
196.0158295,db,,1,0.6399570000000097,0.8532760000000129
196.6557865,b,,2,0.6143150000000048,0.8190866666666731
197.2701015,db,,1,0.5972214999999892,0.7962953333333189
197.867323,b,,2,0.6239314999999976,0.8319086666666635
198.4912545,db,,1,0.6153840000000059,0.8205120000000079
199.1066385,b,,2,0.6127129999999852,0.816950666666647
199.7193515,db,,1,0.6148495000000196,0.8197993333333594
200.334201,b,,2,0.5982905000000187,0.7977206666666916
200.93249150000003,db,,1,0.3899564999999825,0.5199419999999767
201.322448,b,,2,0.807692000000003,1.0769226666666707
202.13014,db,,1,0.5908110000000022,0.7877480000000029
202.720951,b,,2,0.6153839999999775,0.82051199999997
203.336335,db,,1,0.602564000000001,0.803418666666668
203.938899,b,,2,0.6655970000000195,0.8874626666666927
204.604496,db,,1,0.7211529999999868,0.9615373333333158
205.325649,b,,2,0.6976490000000126,0.9301986666666835
206.023298,db,,1,0.7013884999999789,0.9351846666666385
206.7246865,b,,2,0.6768155000000036,0.9024206666666714
207.401502,db,,1,0.6618579999999952,0.8824773333333269
208.06336,b,,2,0.6559825000000217,0.8746433333333622
208.7193425,db,,1,0.6714734999999905,0.8952979999999874
209.390816,b,,2,0.5913459999999873,0.7884613333333164
209.982162,db,,1,0.5299140000000193,0.7065520000000257
210.512076,b,,2,0.5149564999999825,0.6866086666666433
211.0270325,db,,1,0.5502130000000136,0.7336173333333514
211.5772455,b,,2,0.574251500000031,0.765668666666708
212.15149700000003,db,,1,0.6356829999999718,0.8475773333332958
212.78718,b,,2,0.6223290000000077,0.8297720000000103
213.409509,db,,1,0.6105759999999805,0.8141013333333073
214.020085,b,,2,0.6196580000000154,0.8262106666666872
214.639743,db,,1,0.6271354999999801,0.8361806666666401
215.2668785,b,,2,0.5480765000000076,0.7307686666666768
215.814955,db,,1,0.5395295000000147,0.7193726666666862
216.3544845,b,,2,0.5635674999999765,0.7514233333333019
216.918052,db,,1,0.5774570000000097,0.7699426666666795
217.495509,b,,2,0.5598285000000089,0.7464380000000119
218.0553375,db,,1,0.5811965000000043,0.7749286666666725
218.636534,b,,2,0.5966869999999744,0.7955826666666326
219.233221,db,,1,0.5582260000000474,0.7443013333333965
219.79144700000003,b,,2,0.5705119999999795,0.7606826666666393
220.361959,db,,1,0.5443369999999845,0.725782666666646
220.906296,b,,2,0.5507475,0.7343299999999999
221.4570435,db,,1,0.5576915000000042,0.7435886666666723
222.014735,b,,2,0.5763885000000073,0.7685180000000097
222.5911235,db,,1,0.5763884999999789,0.7685179999999718
223.167512,b,,2,0.6554480000000069,0.8739306666666758
223.82296,db,,1,0.6041659999999922,0.8055546666666563
224.427126,b,,2,0.5918800000000033,0.7891733333333377
225.019006,db,,1,0.6292725000000132,0.8390300000000176
225.6482785,b,,2,0.6394224999999949,0.8525633333333266
226.287701,db,,1,0.5913460000000157,0.7884613333333542
226.879047,b,,2,0.5763879999999801,0.7685173333333069
227.455435,db,,1,0.557692000000003,0.7435893333333373
228.013127,b,,2,0.6688024999999982,0.8917366666666643
228.6819295,db,,1,0.6271360000000072,0.836181333333343
229.3090655,b,,2,0.6276704999999936,0.8368939999999915
229.936736,db,,1,0.6228624999999965,0.8304833333333287
230.5595985,b,,2,0.643162000000018,0.8575493333333574
231.2027605,db,,1,0.6164519999999811,0.8219359999999748
231.8192125,b,,2,0.643696000000034,0.8582613333333787
232.46290850000003,db,,1,0.6239309999999705,0.8319079999999607
233.0868395,b,,2,0.6639954999999986,0.8853273333333315
233.750835,db,,1,0.6506400000000099,0.8675200000000132
234.401475,b,,2,0.5876059999999939,0.7834746666666584
234.989081,db,,1,0.6143160000000307,0.819088000000041
235.60339700000003,b,,2,0.6335459999999671,0.8447279999999561
236.236943,db,,1,0.6057690000000093,0.8076920000000124
236.842712,b,,2,0.6004269999999963,0.8005693333333284
237.443139,db,,1,0.6185889999999858,0.8247853333333145
238.061728,b,,2,0.6260680000000036,0.8347573333333381
238.687796,db,,1,0.6292720000000145,0.8390293333333526
239.317068,b,,2,0.6292729999999835,0.8390306666666447
239.946341,db,,1,0.638889000000006,0.851852000000008
240.58523,b,,2,0.6164520000000095,0.8219360000000128
241.201682,db,,1,0.6030979999999886,0.8041306666666515
241.80478,b,,2,0.6030970000000195,0.8041293333333593
242.407877,db,,1,0.9909179999999935,1.3212239999999913
243.398795,b,,2,1.2697639999999808,1.6930186666666411
244.668559,db,,1,0.5566230000000019,0.7421640000000025
245.225182,b,,2,0.5395295000000431,0.7193726666667241
245.76471150000003,db,,1,0.5571579999999585,0.742877333333278
246.3218695,b,,2,0.17930883333332304,0.23907844444443072
246.5011783333333,db,,1,0.17930883333337988,0.23907844444450652
246.6804871666667,b,,2,0.17930883333329461,0.23907844444439283
246.859796,db,,1,0.532051000000024,0.7094013333333654
247.391847,b,,2,0.47328999999999155,0.631053333333322
247.865137,db,,1,0.5117510000000038,0.6823346666666718
248.376888,b,,2,0.5811965000000043,0.7749286666666725
248.9580845,db,,1,0.6367514999999742,0.8490019999999655
249.594836,b,,2,0.6431615000000193,0.8575486666666924
250.2379975,db,,1,0.6282044999999812,0.8376059999999749
250.866202,b,,2,0.6132470000000012,0.8176626666666683
251.479449,db,,1,0.606837000000013,0.8091160000000173
252.086286,b,,2,0.6992520000000013,0.9323360000000017
252.785538,db,,1,0.8103619999999978,1.0804826666666638
253.5959,b,,2,0.776709000000011,1.0356120000000146
254.372609,db,,1,0.53579000000002,0.7143866666666933
254.90839900000003,b,,2,0.5427344999999946,0.7236459999999928
255.45113350000003,db,,1,0.5459394999999745,0.7279193333332993
255.997073,b,,2,0.563568000000032,0.7514240000000427
256.56064100000003,db,,1,0.586003499999947,0.7813379999999294
257.1466445,b,,2,0.548076500000036,0.7307686666667147
257.694721,db,,1,0.5331189999999992,0.7108253333333323
258.22784,b,,2,0.5480764999999792,0.730768666666639
258.7759165,db,,1,0.5315165000000093,0.7086886666666791
259.307433,b,,2,0.4743579999999952,0.6324773333333269
259.781791,db,,1,0.4957270000000449,0.6609693333333931
260.27751800000004,b,,2,0.5972214999999892,0.7962953333333189
260.87473950000003,db,,1,0.6549134999999637,0.8732179999999516
261.529653,b,,2,0.6501059999999939,0.8668079999999918
262.179759,db,,1,0.6244650000000433,0.8326200000000578
262.80422400000003,b,,2,0.625,0.8333333333333334
263.42922400000003,db,,1,0.605767999999955,0.8076906666666067
264.034992,b,,2,0.717414500000018,0.9565526666666907
264.7524065,db,,1,0.7622855000000186,1.0163806666666915
265.514692,b,,2,0.6623925000000099,0.8831900000000132
266.17708450000003,db,,1,0.5528835000000072,0.7371780000000095
266.72996800000004,b,,2,0.5507474999999431,0.7343299999999241
267.2807155,db,,1,0.5694445000000314,0.7592593333333753
267.85016,b,,2,0.6175199999999563,0.8233599999999418
268.46768,db,,1,0.5411320000000615,0.7215093333334153
269.00881200000003,b,,2,0.5667729999999551,0.7556973333332735
269.575585,db,,1,0.5737174999999866,0.7649566666666487
270.1493025,b,,2,0.5448715000000561,0.7264953333334082
270.69417400000003,db,,1,0.5870719999999778,0.7827626666666371
271.281246,b,,2,0.5555549999999698,0.7407399999999598
271.836801,db,,1,0.5721145000000547,0.7628193333334062
272.40891550000003,b,,2,0.6100419999999644,0.8133893333332859
273.0189575,db,,1,0.6025634999999738,0.8034179999999651
273.621521,b,,2,0.6474360000000274,0.8632480000000365
274.268957,db,,1,0.5934819999999945,0.791309333333326
274.862439,b,,2,0.5934819999999945,0.791309333333326
275.455921,db,,1,0.6207257500000196,0.8276343333333595
276.07664675,b,,2,0.6207257500000196,0.8276343333333595
276.69737250000003,db,,1,0.7887279999999919,1.0516373333333224
277.4861005,b,,2,0.7887279999999919,1.0516373333333224
278.2748285,db,,1,0.595352250000019,0.7938030000000253
278.87018075000003,b,,2,0.5953522499999622,0.7938029999999495
279.465533,db,,1,0.6960460000000239,0.9280613333333653
280.161579,b,,2,0.6960459999999671,0.9280613333332894
280.857625,db,,1,0.8028840000000059,1.070512000000008
281.660509,b,,2,0.5801275000000601,0.7735033333334135
282.24063650000005,db,,1,0.5667729999999551,0.7556973333332735
282.8074095,b,,2,0.8910245000000145,1.188032666666686
283.698434,db,,1,0.6923074999999699,0.9230766666666265
284.3907415,b,,2,0.5918795000000046,0.7891726666666727
284.982621,db,,1,0.6901700000000233,0.9202266666666977
285.672791,b,,2,0.7478629999999953,0.9971506666666604
286.420654,db,,1,0.8675205000000119,1.1566940000000159
287.2881745,b,,2,0.6303412499999581,0.8404549999999441
287.91851575,db,,1,0.630341250000015,0.8404550000000199
288.548857,b,,2,0.5405974999999899,0.7207966666666531
289.0894545,db,,1,0.581196000000034,0.7749280000000454
289.6706505,b,,2,0.8215804999999818,1.0954406666666425
290.492231,db,,1,0.6928414999999291,0.9237886666665721
291.18507249999993,b,,2,0.7419865000000527,0.9893153333334036
291.927059,db,,1,0.7083320000000413,0.9444426666667217
292.635391,b,,2,1.0331189999999992,1.377491999999999
293.66851,db,,1,0.6928409999999872,0.9237879999999828
294.361351,b,,2,0.7596144999998842,1.012819333333179
295.1209654999999,db,,1,0.635149500000125,0.8468660000001668
295.756115,b,,2,0.6164519999999811,0.8219359999999748
296.372567,db,,1,0.6314100000000167,0.8418800000000223
297.003977,b,,2,0.6303409999999872,0.8404546666666496
297.634318,db,,1,0.629273000000012,0.8390306666666826
298.263591,b,,2,0.7809814999999958,1.041308666666661
299.0445725,db,,1,0.9786315000000059,1.3048420000000078
