time,info,metrics,beat_number,duration,relative duration
0.579166,db,6/8,1,0.5656260000000001,0.7541680000000001
1.144792,b,,2,0.498958,0.6652773333333334
1.64375,db,,1,0.5177080000000001,0.6902773333333334
2.161458,b,,2,0.53125,0.7083333333333334
2.692708,db,,1,0.5442710000000002,0.7256946666666669
3.2369790000000003,b,,2,0.5614579999999996,0.7486106666666661
3.798437,db,,1,0.5718760000000005,0.762501333333334
4.370313,b,,2,0.5744789999999993,0.7659719999999991
4.944792,db,,1,0.5734370000000002,0.764582666666667
5.518229,b,,2,0.578646,0.771528
6.096875,db,,1,0.6041670000000003,0.8055560000000005
6.701042,b,,2,0.765625,1.0208333333333333
7.466667,db,,1,0.5906250000000002,0.7875000000000002
8.057292,b,,2,0.5093750000000004,0.6791666666666671
8.566667,db,,1,0.5343749999999989,0.7124999999999986
9.101042,b,,2,0.5354159999999997,0.7138879999999995
9.636458,db,,1,0.5651050000000009,0.7534733333333344
10.201563,b,,2,0.5531240000000004,0.7374986666666672
10.754687,db,,1,0.5703129999999987,0.7604173333333316
11.325,b,,2,0.5875000000000004,0.7833333333333338
11.9125,db,,1,0.5755210000000002,0.7673613333333336
12.488021,b,,2,0.5953119999999998,0.7937493333333331
13.083333,db,,1,0.651562000000002,0.8687493333333359
13.734895000000002,b,,2,0.6916669999999989,0.9222226666666652
14.426562,db,,1,0.8380209999999977,1.1173613333333303
15.264582999999998,b,,2,0.5947920000000018,0.7930560000000023
15.859375,db,,1,0.6197920000000003,0.8263893333333338
16.479167,b,,2,0.8354169999999996,1.1138893333333328
17.314584,db,,1,0.7843750000000007,1.0458333333333343
18.098959,b,,2,0.5734369999999984,0.7645826666666645
18.672396,db,,1,0.622917000000001,0.8305560000000014
19.295313,b,,2,0.591666,0.788888
19.886979,db,,1,0.625,0.8333333333333334
20.511979,b,,2,0.5661459999999998,0.754861333333333
21.078125,db,,1,0.607292000000001,0.809722666666668
21.685417,b,,2,0.6010419999999996,0.8013893333333328
22.286459,db,,1,0.6223950000000009,0.8298600000000013
22.908854,b,,2,0.5723959999999977,0.7631946666666636
23.48125,db,,1,0.6203129999999994,0.8270839999999993
24.101563,b,,2,0.5932290000000009,0.7909720000000012
24.694792,db,,1,0.6213529999999992,0.8284706666666656
25.316145,b,,2,0.5812510000000017,0.7750013333333357
25.897396,db,,1,0.6286449999999988,0.8381933333333317
26.526041,b,,2,0.5770839999999993,0.7694453333333323
27.103125,db,,1,0.5765630000000002,0.7687506666666669
27.679688,b,,2,0.6755200000000023,0.9006933333333365
28.355208,db,,1,0.627084,0.836112
28.982292,b,,2,0.5796869999999998,0.7729159999999998
29.561979,db,,1,0.6401039999999973,0.8534719999999965
30.202083,b,,2,0.6510420000000003,0.8680560000000005
30.853125,db,,1,0.6411460000000027,0.8548613333333369
31.494271,b,,2,0.6101559999999999,0.8135413333333332
32.104427,db,,1,0.610157000000001,0.813542666666668
32.714584,b,,2,0.5677079999999961,0.7569439999999948
33.282292,db,,1,0.5729160000000064,0.7638880000000086
33.855208000000005,b,,2,0.6687499999999957,0.891666666666661
34.523958,db,,1,0.6317710000000005,0.8423613333333341
35.155729,b,,2,0.5682290000000023,0.7576386666666698
35.723958,db,,1,0.6536459999999948,0.8715279999999931
36.377604,b,,2,0.6994790000000037,0.9326386666666716
37.077083,db,,1,0.6739589999999964,0.8986119999999952
37.751042,b,,2,0.8140619999999998,1.0854159999999997
38.565104,db,,1,0.6265630000000044,0.8354173333333392
39.191667,b,,2,0.5874999999999986,0.7833333333333314
39.779167,db,,1,0.6260410000000007,0.8347213333333343
40.405208,b,,2,0.584896999999998,0.779862666666664
40.990105,db,,1,0.6218739999999983,0.829165333333331
41.611979,b,,2,0.6932290000000023,0.9243053333333364
42.305208,db,,1,0.7776050000000012,1.0368066666666682
43.082813,b,,2,0.7942699999999974,1.0590266666666632
43.877083,db,,1,0.6947919999999996,0.9263893333333328
44.571875,b,,2,0.685417000000001,0.9138893333333348
45.257292,db,,1,0.6901040000000123,0.920138666666683
45.94739600000001,b,,2,0.6671869999999913,0.8895826666666551
46.614583,db,,1,0.652083999999995,0.8694453333333266
47.266667,b,,2,0.65625,0.875
47.922917,db,,1,0.5880200000000002,0.784026666666667
48.510937,b,,2,0.5666670000000025,0.7555560000000033
49.077604,db,,1,0.5958339999999964,0.7944453333333286
49.673438,b,,2,0.5963530000000006,0.7951373333333341
50.269791,db,,1,0.6416670000000053,0.8555560000000071
50.911458,b,,2,0.6067709999999948,0.8090279999999931
51.518229,db,,1,0.6098959999999991,0.8131946666666655
52.128125,b,,2,0.6125000000000043,0.8166666666666723
52.740625,db,,1,0.6317710000000005,0.8423613333333341
53.372396,b,,2,0.6109379999999973,0.8145839999999964
53.983334,db,,1,0.5765609999999981,0.7687479999999974
54.559895,b,,2,0.607292000000001,0.809722666666668
55.167187,db,,1,0.542188000000003,0.7229173333333373
55.709375,b,,2,0.5567700000000002,0.7423600000000002
56.266145,db,,1,0.5765639999999976,0.7687519999999969
56.842709,b,,2,0.5921859999999981,0.7895813333333308
57.434895,db,,1,0.584376000000006,0.779168000000008
58.019271,b,,2,0.5999999999999943,0.7999999999999924
58.619271,db,,1,0.591146000000009,0.7881946666666787
59.21041700000001,b,,2,0.6119779999999864,0.8159706666666485
59.82239499999999,db,,1,0.5921880000000002,0.7895840000000002
60.41458299999999,b,,2,0.771876000000006,1.029168000000008
61.186459,db,,1,0.6718740000000025,0.8958320000000034
61.858333,b,,2,0.605208999999995,0.8069453333333266
62.463542,db,,1,0.6520830000000046,0.8694440000000062
63.115625,b,,2,0.640625,0.8541666666666666
63.75625,db,,1,0.6395829999999947,0.8527773333333263
64.395833,b,,2,0.5854170000000067,0.780556000000009
64.98125,db,,1,0.580207999999999,0.7736106666666652
65.561458,b,,2,0.689582999999999,0.9194439999999986
66.251041,db,,1,0.6375010000000003,0.8500013333333337
66.888542,b,,2,0.6135409999999979,0.8180546666666638
67.502083,db,,1,0.6281249999999972,0.8374999999999962
68.130208,b,,2,0.6265630000000044,0.8354173333333392
68.756771,db,,1,0.6083330000000018,0.8111106666666691
69.365104,b,,2,0.622917000000001,0.8305560000000014
69.988021,db,,1,0.6317710000000005,0.8423613333333341
70.619792,b,,2,0.7734379999999987,1.031250666666665
71.39323,db,,1,0.6776029999999906,0.9034706666666542
72.070833,b,,2,0.6078130000000073,0.810417333333343
72.678646,db,,1,0.6203119999999984,0.8270826666666645
73.298958,b,,2,0.6276050000000026,0.8368066666666701
73.926563,db,,1,0.6005199999999746,0.8006933333332995
74.52708299999998,b,,2,0.6098960000000204,0.8131946666666939
75.136979,db,,1,0.6005210000000005,0.8006946666666673
75.7375,b,,2,0.6187500000000057,0.8250000000000076
76.35625,db,,1,0.5947919999999982,0.7930559999999977
76.951042,b,,2,0.6140630000000016,0.8187506666666687
77.565105,db,,1,0.6171860000000038,0.8229146666666717
78.182291,b,,2,0.6453130000000158,0.8604173333333544
78.82760400000002,db,,1,0.59375,0.7916666666666666
79.42135400000002,b,,2,0.6255209999999778,0.8340279999999703
80.046875,db,,1,0.576042000000001,0.7680560000000014
80.622917,b,,2,0.6124999999999972,0.8166666666666629
81.235417,db,,1,0.5750000000000028,0.7666666666666705
81.810417,b,,2,0.6057289999999966,0.8076386666666622
82.416146,db,,1,0.5890629999999959,0.7854173333333279
83.005209,b,,2,0.6010410000000093,0.8013880000000123
83.60625,db,,1,0.591667000000001,0.7888893333333348
84.197917,b,,2,0.580207999999999,0.7736106666666652
84.778125,db,,1,0.585417000000021,0.7805560000000279
85.36354200000002,b,,2,0.6343749999999773,0.845833333333303
85.997917,db,,1,0.6333329999999933,0.844443999999991
86.63125,b,,2,0.6265630000000044,0.8354173333333392
87.257813,db,,1,0.6755199999999775,0.9006933333333033
87.93333299999998,b,,2,0.6197920000000181,0.8263893333333575
88.553125,db,,1,0.609375,0.8125
89.1625,b,,2,0.6515630000000101,0.8687506666666801
89.814063,db,,1,0.6338539999999995,0.8451386666666659
90.447917,b,,2,0.7145829999999904,0.9527773333333206
91.1625,db,,1,0.5927080000000018,0.7902773333333357
91.755208,b,,2,0.6135420000000096,0.8180560000000128
92.36875,db,,1,0.594270999999992,0.7923613333333227
92.963021,b,,2,0.6151040000000023,0.8201386666666698
93.578125,db,,1,0.6005210000000005,0.8006946666666673
94.178646,b,,2,0.6104169999999982,0.8138893333333309
94.789063,db,,1,0.5786449999999945,0.7715266666666594
95.367708,b,,2,0.6010420000000067,0.8013893333333423
95.96875,db,,1,0.5979169999999954,0.7972226666666605
96.566667,b,,2,0.646874000000011,0.8624986666666814
97.213541,db,,1,0.6479169999999925,0.8638893333333234
97.861458,b,,2,0.6197920000000039,0.8263893333333385
98.48125,db,,1,0.6437499999999972,0.8583333333333295
99.125,b,,2,0.642707999999999,0.8569439999999986
99.767708,db,,1,0.5999999999999943,0.7999999999999924
100.367708,b,,2,0.6802080000000075,0.90694400000001
101.047916,db,,1,0.6843760000000003,0.9125013333333337
101.732292,b,,2,0.6494789999999995,0.8659719999999993
102.381771,db,,1,0.5973960000000034,0.7965280000000045
102.979167,b,,2,0.6177079999999933,0.8236106666666577
103.596875,db,,1,0.6635420000000067,0.8847226666666757
104.260417,b,,2,0.625,0.8333333333333334
104.885417,db,,1,0.6020829999999933,0.8027773333333243
105.4875,b,,2,0.622917000000001,0.8305560000000014
106.110417,db,,1,0.6239580000000018,0.8319440000000023
106.734375,b,,2,0.5739580000000046,0.7652773333333395
107.308333,db,,1,0.625520999999992,0.8340279999999893
107.933854,b,,2,0.6000000000000085,0.8000000000000114
108.533854,db,,1,0.6369789999999966,0.8493053333333288
109.170833,b,,2,0.6276050000000026,0.8368066666666701
109.798438,db,,1,0.7015619999999956,0.9354159999999941
110.5,b,,2,0.6973959999999977,0.9298613333333302
111.197396,db,,1,0.7210940000000079,0.9614586666666772
111.91849,b,,2,0.7210939999999937,0.9614586666666582
112.639584,db,,1,0.6197910000000064,0.8263880000000086
113.259375,b,,2,0.5552079999999933,0.7402773333333243
113.814583,db,,1,0.5625,0.75
114.377083,b,,2,0.5718750000000057,0.7625000000000076
114.948958,db,,1,0.5927089999999993,0.7902786666666657
115.541667,b,,2,0.5843739999999968,0.7791653333333292
116.126041,db,,1,0.607812999999993,0.8104173333333241
116.733854,b,,2,0.6203130000000101,0.8270840000000135
117.354167,db,,1,0.625,0.8333333333333334
117.979167,b,,2,0.6218750000000028,0.8291666666666705
118.601042,db,,1,0.5890619999999984,0.7854159999999979
119.190104,b,,2,0.6421879999999902,0.8562506666666536
119.832292,db,,1,0.5880200000000002,0.784026666666667
120.420312,b,,2,0.6244800000000055,0.8326400000000073
121.044792,db,,1,0.5760410000000036,0.7680546666666714
121.620833,b,,2,0.5416669999999897,0.7222226666666529
122.1625,db,,1,0.5895830000000046,0.7861106666666728
122.752083,b,,2,0.5942710000000062,0.7923613333333416
123.346354,db,,1,0.5994789999999881,0.7993053333333174
123.945833,b,,2,0.6114590000000106,0.8152786666666808
124.557292,db,,1,0.5994790000000023,0.7993053333333364
125.156771,b,,2,0.6151039999999881,0.8201386666666508
125.771875,db,,1,0.5572920000000039,0.7430560000000052
126.329167,b,,2,0.5322910000000007,0.7097213333333343
126.861458,db,,1,0.5625,0.75
127.423958,b,,2,0.5911470000000065,0.7881960000000087
128.015105,db,,1,0.6010409999999808,0.8013879999999745
128.616146,b,,2,0.605729000000025,0.8076386666667
129.221875,db,,1,0.5791659999999865,0.7722213333333153
129.801041,b,,2,0.607292000000001,0.809722666666668
130.408333,db,,1,0.5427090000000021,0.7236120000000028
130.951042,b,,2,0.532291000000015,0.7097213333333533
131.48333300000002,db,,1,0.5593749999999886,0.7458333333333181
132.042708,b,,2,0.6114589999999964,0.8152786666666619
132.654167,db,,1,0.611978999999991,0.8159719999999879
133.266146,b,,2,0.6145830000000103,0.8194440000000137
133.880729,db,,1,0.5854170000000067,0.780556000000009
134.466146,b,,2,0.6161459999999863,0.8215279999999817
135.082292,db,,1,0.5541660000000093,0.7388880000000123
135.636458,b,,2,0.5281249999999886,0.7041666666666515
136.164583,db,,1,0.5770840000000135,0.7694453333333513
136.741667,b,,2,0.736457999999999,0.9819439999999986
137.478125,db,,1,0.7286459999999977,0.971527999999997
138.206771,b,,2,0.6697919999999726,0.8930559999999635
138.87656299999998,db,,1,0.6473950000000173,0.8631933333333563
139.523958,b,,2,0.6494799999999827,0.8659733333333103
140.17343799999998,db,,1,0.620833000000033,0.8277773333333774
140.794271,b,,2,0.6630209999999863,0.8840279999999817
141.457292,db,,1,0.6145830000000103,0.8194440000000137
142.071875,b,,2,0.65625,0.875
142.728125,db,,1,0.612499999999983,0.8166666666666439
143.340625,b,,2,0.6302080000000103,0.8402773333333471
143.970833,db,,1,0.6395839999999566,0.8527786666666088
144.61041699999996,b,,2,0.625,0.8333333333333334
145.23541699999996,db,,1,0.652083000000033,0.8694440000000441
145.8875,b,,2,0.6390629999999646,0.8520839999999529
146.52656299999995,db,,1,0.6421870000000354,0.8562493333333805
147.16875,b,,2,0.6468750000000227,0.8625000000000304
147.815625,db,,1,0.589583000000033,0.7861106666667107
148.40520800000004,b,,2,0.6364589999999453,0.848611999999927
149.041667,db,,1,0.6135410000000547,0.8180546666667396
149.65520800000004,b,,2,0.582291999999967,0.7763893333332893
150.2375,db,,1,0.6333329999999933,0.844443999999991
150.870833,b,,2,0.622917000000001,0.8305560000000014
151.49375,db,,1,0.627082999999999,0.8361106666666652
152.120833,b,,2,0.598958999999951,0.7986119999999346
152.71979199999996,db,,1,0.5916660000000888,0.7888880000001185
153.31145800000004,b,,2,0.6104169999999556,0.8138893333332741
153.921875,db,,1,0.5895830000000046,0.7861106666666728
154.511458,b,,2,0.607292000000001,0.809722666666668
155.11875,db,,1,0.5895830000000046,0.7861106666666728
155.708333,b,,2,0.7395839999999794,0.9861119999999725
156.447917,db,,1,0.7098950000000173,0.9465266666666897
157.157812,b,,2,0.7098959999999863,0.9465279999999817
157.867708,db,,1,0.6104170000000124,0.8138893333333499
158.478125,b,,2,0.6296879999999874,0.8395839999999831
159.107813,db,,1,0.6046870000000126,0.8062493333333501
159.7125,b,,2,0.6369789999999966,0.8493053333333288
160.349479,db,,1,0.6151040000000023,0.8201386666666698
160.964583,b,,2,0.6505209999999977,0.8673613333333302
161.615104,db,,1,0.5734379999999533,0.7645839999999376
162.18854199999996,b,,2,0.6166660000000377,0.8222213333333835
162.805208,db,,1,0.6395840000000135,0.8527786666666847
163.444792,b,,2,0.6229160000000036,0.8305546666666714
164.067708,db,,1,0.610937999999976,0.814583999999968
164.678646,b,,2,0.6348959999999693,0.846527999999959
165.31354199999996,db,,1,0.6171870000000581,0.8229160000000775
165.930729,b,,2,0.6317709999999863,0.8423613333333151
166.5625,db,,1,0.6062499999999886,0.8083333333333181
167.16875,b,,2,0.6208330000000046,0.8277773333333395
167.789583,db,,1,0.6052090000000021,0.8069453333333362
168.394792,b,,2,0.6369789999999966,0.8493053333333288
169.031771,db,,1,0.6203130000000101,0.8270840000000135
169.652084,b,,2,0.6406240000000025,0.8541653333333367
170.292708,db,,1,0.608333999999985,0.8111119999999801
170.901042,b,,2,0.639583000000016,0.8527773333333547
171.540625,db,,1,0.608854000000008,0.811805333333344
172.149479,b,,2,0.5989580000000103,0.7986106666666805
172.74843700000002,db,,1,0.6072919999999726,0.8097226666666302
173.355729,b,,2,0.607292000000001,0.809722666666668
173.963021,db,,1,0.611457999999999,0.815277333333332
174.574479,b,,2,0.5973960000000034,0.7965280000000045
175.171875,db,,1,0.5885419999999897,0.7847226666666529
175.760417,b,,2,0.6333330000000217,0.844444000000029
176.39375,db,,1,0.5743060000000355,0.7657413333333807
176.96805600000005,b,,2,0.5743049999999528,0.765739999999937
177.542361,db,,1,0.5743060000000071,0.7657413333333428
178.116667,b,,2,0.5697910000000377,0.7597213333333835
178.68645800000004,db,,1,0.5447919999999442,0.726389333333259
179.23125,b,,2,0.5645830000000558,0.7527773333334077
179.79583300000004,db,,1,0.5812499999999545,0.7749999999999394
180.377083,b,,2,0.5489589999999964,0.7319453333333286
180.926042,db,,1,0.579166000000015,0.7722213333333533
181.505208,b,,2,0.685417000000001,0.9138893333333348
182.190625,db,,1,0.6635419999999783,0.8847226666666378
182.854167,b,,2,0.559375000000017,0.7458333333333561
183.413542,db,,1,0.5541659999999808,0.7388879999999745
183.967708,b,,2,0.5656250000000114,0.7541666666666819
184.533333,db,,1,0.5687499999999943,0.7583333333333258
185.102083,b,,2,0.576042000000001,0.7680560000000014
185.678125,db,,1,0.5947920000000124,0.7930560000000165
186.272917,b,,2,0.5901039999999966,0.7868053333333288
186.863021,db,,1,0.5921869999999956,0.7895826666666608
187.455208,b,,2,0.5880209999999977,0.784027999999997
188.043229,db,,1,0.609895999999992,0.813194666666656
188.653125,b,,2,0.7083330000000103,0.9444440000000137
189.361458,db,,1,0.6052090000000021,0.8069453333333362
189.966667,b,,2,0.5343750000000114,0.7125000000000151
190.501042,db,,1,0.5479159999999865,0.7305546666666487
191.048958,b,,2,0.5614590000000135,0.7486120000000179
191.610417,db,,1,0.580207999999999,0.7736106666666652
192.190625,b,,2,0.563020999999992,0.750694666666656
192.753646,db,,1,0.5838540000000023,0.778472000000003
193.3375,b,,2,0.5958339999999964,0.7944453333333286
193.933334,db,,1,0.5880200000000002,0.784026666666667
194.521354,b,,2,0.5890619999999842,0.7854159999999789
195.110416,db,,1,0.6463549999999998,0.8618066666666664
195.756771,b,,2,0.6968750000000057,0.9291666666666742
196.453646,db,,1,0.8192710000000147,1.092361333333353
197.272917,b,,2,0.596874999999983,0.7958333333333106
197.869792,db,,1,0.6010410000000093,0.8013880000000123
198.470833,b,,2,0.8895829999999876,1.18611066666665
199.360416,db,,1,0.828125,1.1041666666666667
200.188541,b,,2,0.6322920000000067,0.843056000000009
200.820833,db,,1,0.5645839999999964,0.7527786666666619
201.385417,b,,2,0.5807290000000194,0.7743053333333592
201.966146,db,,1,0.6057289999999966,0.8076386666666622
202.571875,b,,2,0.5833329999999819,0.7777773333333092
203.155208,db,,1,0.6177090000000192,0.8236120000000255
203.772917,b,,2,0.5947909999999865,0.7930546666666487
204.367708,db,,1,0.6244800000000055,0.8326400000000073
204.992188,b,,2,0.5770829999999876,0.7694439999999835
205.569271,db,,1,0.608854000000008,0.811805333333344
206.178125,b,,2,0.5989580000000103,0.7986106666666805
206.777083,db,,1,0.6270839999999964,0.8361119999999952
207.404167,b,,2,0.609895999999992,0.813194666666656
208.014063,db,,1,0.6692700000000116,0.8923600000000155
208.683333,b,,2,0.6635420000000067,0.8847226666666757
209.346875,db,,1,0.6479159999999808,0.8638879999999745
209.994791,b,,2,0.6437510000000088,0.8583346666666785
210.638542,db,,1,0.6671870000000126,0.8895826666666835
211.305729,b,,2,0.6541669999999726,0.8722226666666302
211.959896,db,,1,0.6494790000000137,0.8659720000000183
212.609375,b,,2,0.611978999999991,0.8159719999999879
213.221354,db,,1,0.5854170000000067,0.780556000000009
213.806771,b,,2,0.5692699999999888,0.7590266666666518
214.376041,db,,1,0.5765630000000215,0.7687506666666953
214.952604,b,,2,0.5854169999999783,0.780555999999971
215.538021,db,,1,0.640104000000008,0.8534720000000107
216.178125,b,,2,0.59375,0.7916666666666666
216.771875,db,,1,0.622917000000001,0.8305560000000014
217.394792,b,,2,0.611457999999999,0.815277333333332
218.00625,db,,1,0.6145840000000078,0.8194453333333437
218.620834,b,,2,0.6020829999999933,0.8027773333333243
219.222917,db,,1,0.5843739999999968,0.7791653333333292
219.807291,b,,2,0.5979169999999954,0.7972226666666605
220.405208,db,,1,0.5687500000000227,0.7583333333333636
220.973958,b,,2,0.530208000000016,0.7069440000000213
221.50416600000003,db,,1,0.5875009999999747,0.783334666666633
222.091667,b,,2,0.5791670000000124,0.7722226666666833
222.670834,db,,1,0.5786449999999945,0.7715266666666594
223.249479,b,,2,0.5843749999999943,0.7791666666666591
223.833854,db,,1,0.5828119999999899,0.7770826666666532
224.416666,b,,2,0.5932300000000055,0.7909733333333406
225.009896,db,,1,0.5979159999999979,0.7972213333333306
225.607812,b,,2,0.6062510000000145,0.8083346666666861
226.214063,db,,1,0.5973949999999775,0.7965266666666366
226.811458,b,,2,0.814062000000007,1.0854160000000093
227.62552,db,,1,0.6848970000000065,0.9131960000000087
228.310417,b,,2,0.6031250000000057,0.8041666666666742
228.913542,db,,1,0.6208330000000046,0.8277773333333395
229.534375,b,,2,0.6505209999999977,0.8673613333333302
230.184896,db,,1,0.6171870000000013,0.8229160000000016
230.802083,b,,2,0.5822919999999954,0.7763893333333272
231.384375,db,,1,0.5614579999999876,0.7486106666666501
231.945833,b,,2,0.638542000000001,0.8513893333333348
232.584375,db,,1,0.6317710000000147,0.842361333333353
233.216146,b,,2,0.6083329999999876,0.8111106666666501
233.824479,db,,1,0.6437500000000114,0.8583333333333485
234.468229,b,,2,0.610416999999984,0.813889333333312
235.078646,db,,1,0.6187500000000057,0.8250000000000076
235.697396,b,,2,0.6015620000000013,0.8020826666666684
236.298958,db,,1,0.6187510000000032,0.8250013333333376
236.917709,b,,2,0.7541659999999979,1.005554666666664
237.671875,db,,1,0.6083329999999876,0.8111106666666501
238.280208,b,,2,0.5833340000000078,0.777778666666677
238.863542,db,,1,0.5989580000000103,0.7986106666666805
239.4625,b,,2,0.6645829999999933,0.8861106666666577
240.127083,db,,1,0.6114589999999964,0.8152786666666619
240.738542,b,,2,0.5968750000000114,0.7958333333333485
241.335417,db,,1,0.6229160000000036,0.8305546666666714
241.958333,b,,2,0.610416999999984,0.813889333333312
242.56875,db,,1,0.606250000000017,0.8083333333333561
243.175,b,,2,0.6135419999999954,0.8180559999999938
243.788542,db,,1,0.6291659999999979,0.8388879999999972
244.417708,b,,2,0.6291669999999954,0.8388893333333272
245.046875,db,,1,0.6010420000000067,0.8013893333333423
245.647917,b,,2,0.6302079999999819,0.8402773333333092
246.278125,db,,1,0.5723959999999977,0.7631946666666636
246.850521,b,,2,0.5880200000000002,0.784026666666667
247.438541,db,,1,0.5869800000000112,0.7826400000000149
248.025521,b,,2,0.5875000000000057,0.7833333333333409
248.613021,db,,1,0.6302080000000103,0.8402773333333471
249.243229,b,,2,0.5906249999999886,0.7874999999999849
249.833854,db,,1,0.5885419999999897,0.7847226666666529
250.422396,b,,2,0.5833330000000103,0.7777773333333471
251.005729,db,,1,0.5703129999999987,0.7604173333333316
251.576042,b,,2,0.5885409999999922,0.784721333333323
252.164583,db,,1,0.576042000000001,0.7680560000000014
252.740625,b,,2,0.6244800000000055,0.8326400000000073
253.365105,db,,1,0.6505200000000002,0.8673600000000002
254.015625,b,,2,0.6192709999999977,0.8256946666666636
254.634896,db,,1,0.6317710000000147,0.842361333333353
255.266667,b,,2,0.628124999999983,0.8374999999999773
255.894792,db,,1,0.5854160000000093,0.780554666666679
256.480208,b,,2,0.654687000000024,0.872916000000032
257.13489500000003,db,,1,0.6651049999999827,0.8868066666666437
257.8,b,,2,0.6927079999999819,0.9236106666666425
258.492708,db,,1,0.5729170000000181,0.7638893333333575
259.065625,b,,2,0.6031249999999773,0.8041666666666364
259.66875,db,,1,0.5901039999999966,0.7868053333333288
260.258854,b,,2,0.5875000000000341,0.7833333333333788
260.846354,db,,1,0.6119789999999625,0.8159719999999501
261.458333,b,,2,0.5953130000000328,0.7937506666667105
262.053646,db,,1,0.5807289999999625,0.7743053333332833
262.634375,b,,2,0.5916670000000295,0.7888893333333726
263.226042,db,,1,0.5718749999999773,0.7624999999999696
263.797917,b,,2,0.6135409999999979,0.8180546666666638
264.411458,db,,1,0.5812500000000114,0.7750000000000151
264.992708,b,,2,0.609895999999992,0.813194666666656
265.602604,db,,1,0.6682289999999966,0.8909719999999955
266.270833,b,,2,0.6255220000000463,0.8340293333333951
266.896355,db,,1,0.6307279999999764,0.8409706666666352
267.527083,b,,2,0.6187499999999773,0.8249999999999696
268.145833,db,,1,0.5947920000000408,0.7930560000000545
268.740625,b,,2,0.6401050000000055,0.8534733333333406
269.38073,db,,1,0.6713529999999537,0.8951373333332716
270.052083,b,,2,0.6744800000000168,0.8993066666666891
270.726563,db,,1,0.5880210000000261,0.7840280000000348
271.314584,b,,2,0.5979159999999979,0.7972213333333306
271.9125,db,,1,0.6197919999999613,0.8263893333332817
272.532292,b,,2,0.6197910000000206,0.8263880000000275
273.152083,db,,1,0.6026049999999827,0.8034733333333103
273.754688,b,,2,0.607812000000024,0.810416000000032
274.3625,db,,1,0.6041669999999613,0.8055559999999483
274.966667,b,,2,0.6010410000000093,0.8013880000000123
275.567708,db,,1,0.6145840000000362,0.8194453333333817
276.182292,b,,2,0.5749989999999912,0.7666653333333215
276.757291,db,,1,0.6197920000000181,0.8263893333333575
277.377083,b,,2,0.6005209999999579,0.8006946666666105
277.977604,db,,1,0.6338540000000421,0.8451386666667228
278.611458,b,,2,0.6875,0.9166666666666666
279.298958,db,,1,0.672916999999984,0.8972226666666453
279.971875,b,,2,0.672916999999984,0.8972226666666453
280.644792,db,,1,0.7359370000000354,0.9812493333333805
281.38072900000003,b,,2,0.7359369999999785,0.9812493333333047
282.116666,db,,1,0.9794279999999844,1.3059039999999793
283.096094,b,,2,0.979426999999987,1.3059026666666493
284.075521,db,,1,0.6861980000000472,0.9149306666667295
284.761719,b,,2,0.6861979999999903,0.9149306666666538
285.447917,db,,1,0.7526039999999625,1.00347199999995
286.200521,b,,2,0.7526040000000194,1.003472000000026
286.953125,db,,1,0.6145829999999819,0.8194439999999759
287.567708,b,,2,0.5718750000000341,0.7625000000000455
288.139583,db,,1,0.563020999999992,0.750694666666656
288.702604,b,,2,0.655729000000008,0.874305333333344
289.358333,db,,1,0.6203130000000101,0.8270840000000135
289.978646,b,,2,0.5796869999999785,0.7729159999999714
290.558333,db,,1,0.6156250000000227,0.8208333333333636
291.173958,b,,2,0.6374999999999886,0.8499999999999849
291.811458,db,,1,0.7171879999999646,0.9562506666666195
292.528646,b,,2,0.6479160000000093,0.8638880000000123
293.176562,db,,1,0.6479170000000067,0.8638893333333423
293.824479,b,,2,0.5697920000000067,0.7597226666666757
294.394271,db,,1,0.5640619999999785,0.752082666666638
294.958333,b,,2,0.640625,0.8541666666666666
295.598958,db,,1,0.6338550000000396,0.8451400000000527
296.232813,b,,2,0.5828119999999899,0.7770826666666532
296.815625,db,,1,0.6312499999999659,0.8416666666666212
297.446875,b,,2,0.7104170000000067,0.9472226666666757
298.157292,db,,1,0.702083000000016,0.936110666666688
298.859375,b,,2,0.8697920000000181,1.1597226666666909
299.729167,db,,1,0.6229159999999752,0.8305546666666336
300.352083,b,,2,0.6057299999999941,0.8076399999999921
300.957813,db,,1,0.640104000000008,0.8534720000000107
301.597917,b,,2,0.5973960000000034,0.7965280000000045
302.195313,db,,1,0.654687000000024,0.872916000000032
302.85,b,,2,0.8781249999999545,1.1708333333332728
303.728125,db,,1,1.3781250000000114,1.8375000000000152
