time,info,metrics,beat_number,duration,relative duration
0.511979,db,6/8,1,0.5692710000000001,0.7590280000000001
1.08125,b,,2,0.530208,0.706944
1.611458,db,,1,0.5260420000000001,0.7013893333333335
2.1375,b,,2,0.5218749999999996,0.6958333333333329
2.659375,db,,1,0.515625,0.6875
3.175,b,,2,0.5437500000000002,0.7250000000000002
3.71875,db,,1,0.5536459999999996,0.7381946666666662
4.272396,b,,2,0.5583330000000002,0.7444440000000002
4.830729,db,,1,0.5682290000000005,0.7576386666666673
5.398958,b,,2,0.5583339999999994,0.7444453333333326
5.957292,db,,1,0.5375000000000005,0.7166666666666673
6.494792,b,,2,0.6499999999999995,0.8666666666666659
7.144792,db,,1,0.5666660000000006,0.7555546666666674
7.711458,b,,2,0.5239589999999996,0.6986119999999995
8.235417,db,,1,0.5270829999999993,0.7027773333333324
8.7625,b,,2,0.5385420000000014,0.7180560000000019
9.301042,db,,1,0.5234369999999995,0.6979159999999993
9.824479,b,,2,0.564582999999999,0.752777333333332
10.389062,db,,1,0.5541670000000014,0.7388893333333352
10.943229,b,,2,0.5687499999999996,0.7583333333333329
11.511979,db,,1,0.5630209999999991,0.7506946666666655
12.075,b,,2,0.5619790000000009,0.7493053333333345
12.636979,db,,1,0.6130209999999998,0.817361333333333
13.25,b,,2,0.6598950000000006,0.8798600000000008
13.909895,db,,1,0.6598969999999991,0.8798626666666655
14.569792,b,,2,0.5239580000000004,0.6986106666666672
15.09375,db,,1,0.5354170000000007,0.7138893333333343
15.629167,b,,2,0.6140619999999988,0.8187493333333317
16.243229,db,,1,0.6057300000000012,0.8076400000000016
16.848959,b,,2,0.5380199999999995,0.7173599999999993
17.386979,db,,1,0.5901040000000002,0.7868053333333336
17.977083,b,,2,0.5249999999999986,0.6999999999999981
18.502083,db,,1,0.6041670000000003,0.8055560000000005
19.10625,b,,2,0.5713539999999995,0.7618053333333327
19.677604,db,,1,0.5869789999999995,0.7826386666666659
20.264583,b,,2,0.5645830000000025,0.7527773333333366
20.829166,db,,1,0.600521999999998,0.8006959999999973
21.429688,b,,2,0.5520829999999997,0.7361106666666662
21.981771,db,,1,0.5755200000000009,0.7673600000000013
22.557291,b,,2,0.5656260000000017,0.7541680000000023
23.122917,db,,1,0.5947919999999982,0.7930559999999977
23.717709,b,,2,0.6052080000000011,0.8069440000000014
24.322917,db,,1,0.5687500000000014,0.7583333333333352
24.891667,b,,2,0.5484379999999973,0.731250666666663
25.440105,db,,1,0.5630200000000016,0.7506933333333355
26.003125,b,,2,0.5802080000000025,0.77361066666667
26.583333000000003,db,,1,0.5906249999999957,0.7874999999999943
27.173958,b,,2,0.5395830000000004,0.7194440000000005
27.713541,db,,1,0.6125010000000017,0.8166680000000023
28.326042,b,,2,0.6791660000000022,0.9055546666666695
29.005208000000003,db,,1,0.7244789999999952,0.9659719999999936
29.729687,b,,2,0.5679690000000015,0.757292000000002
30.297656,db,,1,0.5679690000000015,0.757292000000002
30.865625,b,,2,0.5729170000000003,0.7638893333333338
31.438542,db,,1,0.5552079999999968,0.7402773333333291
31.99375,b,,2,0.5843750000000014,0.7791666666666686
32.578125,db,,1,0.5786459999999991,0.7715279999999988
33.156771,b,,2,0.5296880000000002,0.7062506666666669
33.686459,db,,1,0.5499989999999997,0.7333319999999995
34.236458,b,,2,0.5843750000000014,0.7791666666666686
34.820833,db,,1,0.5489589999999964,0.7319453333333286
35.369792,b,,2,0.653646000000002,0.8715280000000026
36.023438,db,,1,0.611978999999998,0.8159719999999974
36.635417,b,,2,0.6083330000000018,0.8111106666666691
37.24375,db,,1,0.6208330000000046,0.8277773333333395
37.864583,b,,2,0.6015629999999987,0.8020839999999984
38.466146,db,,1,0.6244790000000009,0.8326386666666679
39.090625,b,,2,0.7124999999999986,0.9499999999999981
39.803125,db,,1,0.8234369999999984,1.097915999999998
40.626562,b,,2,0.854688000000003,1.139584000000004
41.48125,db,,1,0.654166999999994,0.8722226666666586
42.135417,b,,2,0.6770830000000032,0.9027773333333377
42.8125,db,,1,0.6802080000000004,0.9069440000000005
43.492708,b,,2,0.6822919999999968,0.9097226666666623
44.175,db,,1,0.6500000000000057,0.8666666666666742
44.825,b,,2,0.6328129999999987,0.843750666666665
45.457813,db,,1,0.522915999999995,0.6972213333333267
45.980729,b,,2,0.5447920000000153,0.7263893333333536
46.52552100000001,db,,1,0.5395839999999907,0.719445333333321
47.065105,b,,2,0.6197909999999993,0.8263879999999991
47.684896,db,,1,0.645311999999997,0.860415999999996
48.330208,b,,2,0.642707999999999,0.8569439999999986
48.972916,db,,1,0.6520840000000021,0.8694453333333362
49.625,b,,2,0.6604170000000025,0.8805560000000033
50.285417,db,,1,0.6505209999999977,0.8673613333333302
50.935938,b,,2,0.6182289999999995,0.8243053333333327
51.554167,db,,1,0.5369790000000023,0.715972000000003
52.091146,b,,2,0.5604159999999965,0.7472213333333286
52.651562,db,,1,0.5546879999999987,0.7395839999999984
53.20625,b,,2,0.5057290000000094,0.6743053333333459
53.71197900000001,db,,1,0.5755209999999948,0.7673613333333265
54.2875,b,,2,0.5645829999999918,0.7527773333333224
54.85208299999999,db,,1,0.544271000000009,0.7256946666666787
55.396354,b,,2,0.5776049999999984,0.7701399999999978
55.973959,db,,1,0.5505209999999963,0.734027999999995
56.52448,b,,2,0.5609370000000098,0.747916000000013
57.08541700000001,db,,1,0.5572909999999922,0.7430546666666563
57.642708,b,,2,0.6651039999999995,0.8868053333333327
58.307812,db,,1,0.589063000000003,0.7854173333333373
58.896875,b,,2,0.614061999999997,0.8187493333333293
59.510937,db,,1,0.633855000000004,0.8451400000000054
60.144792,b,,2,0.6130209999999963,0.8173613333333284
60.757813,db,,1,0.569270000000003,0.7590266666666707
61.327083,b,,2,0.5968749999999972,0.7958333333333295
61.923958,db,,1,0.5666670000000025,0.7555560000000033
62.490625,b,,2,0.5854169999999996,0.7805559999999995
63.076042,db,,1,0.5911449999999974,0.7881933333333299
63.667187,b,,2,0.5953130000000044,0.7937506666666726
64.2625,db,,1,0.609895999999992,0.813194666666656
64.872396,b,,2,0.6057290000000108,0.8076386666666812
65.478125,db,,1,0.6135419999999954,0.8180559999999938
66.091667,b,,2,0.6057289999999966,0.8076386666666622
66.697396,db,,1,0.5984370000000041,0.7979160000000055
67.295833,b,,2,0.6098960000000062,0.813194666666675
67.90572900000001,db,,1,0.580728999999991,0.7743053333333213
68.486458,b,,2,0.6083330000000018,0.8111106666666691
69.094791,db,,1,0.5979179999999928,0.7972239999999905
69.692709,b,,2,0.6218740000000054,0.8291653333333405
70.314583,db,,1,0.5729170000000039,0.7638893333333385
70.8875,b,,2,0.5963540000000194,0.7951386666666925
71.48385400000002,db,,1,0.571353999999971,0.7618053333332947
72.055208,b,,2,0.6135420000000096,0.8180560000000128
72.66875,db,,1,0.5906250000000028,0.7875000000000038
73.259375,b,,2,0.5776039999999938,0.7701386666666584
73.836979,db,,1,0.5750000000000028,0.7666666666666705
74.411979,b,,2,0.5963549999999742,0.7951399999999657
75.00833399999998,db,,1,0.5770830000000302,0.7694440000000403
75.585417,b,,2,0.6083329999999876,0.8111106666666501
76.19375,db,,1,0.5359380000000016,0.7145840000000021
76.729688,b,,2,0.5703120000000013,0.7604160000000016
77.3,db,,1,0.5625,0.75
77.8625,b,,2,0.5739590000000021,0.7652786666666694
78.436459,db,,1,0.5614580000000018,0.7486106666666691
78.997917,b,,2,0.5515620000000041,0.7354160000000055
79.549479,db,,1,0.5119789999999966,0.6826386666666622
80.061458,b,,2,0.536459000000022,0.715278666666696
80.59791700000002,db,,1,0.510415999999978,0.6805546666666373
81.108333,b,,2,0.5432289999999966,0.7243053333333288
81.651562,db,,1,0.5828130000000016,0.7770840000000021
82.234375,b,,2,0.6031250000000057,0.8041666666666742
82.8375,db,,1,0.5822919999999954,0.7763893333333272
83.419792,b,,2,0.6052080000000046,0.8069440000000062
84.025,db,,1,0.5854169999999925,0.78055599999999
84.610417,b,,2,0.5890619999999984,0.7854159999999979
85.199479,db,,1,0.6031260000000032,0.8041680000000042
85.802605,b,,2,0.701562000000024,0.935416000000032
86.50416700000002,db,,1,0.5572919999999755,0.7430559999999673
87.061459,b,,2,0.5666659999999979,0.7555546666666638
87.628125,db,,1,0.5755199999999974,0.7673599999999965
88.203645,b,,2,0.5703129999999987,0.7604173333333316
88.773958,db,,1,0.5588550000000083,0.7451400000000111
89.332813,b,,2,0.5739579999999762,0.7652773333333016
89.90677099999998,db,,1,0.5338540000000194,0.7118053333333592
90.440625,b,,2,0.5406250000000057,0.7208333333333409
90.98125,db,,1,0.5239579999999933,0.6986106666666577
91.505208,b,,2,0.5468759999999975,0.7291679999999966
92.052084,db,,1,0.6052080000000046,0.8069440000000062
92.657292,b,,2,0.6020830000000075,0.8027773333333433
93.259375,db,,1,0.5864579999999933,0.781943999999991
93.845833,b,,2,0.6041670000000039,0.8055560000000052
94.45,db,,1,0.5833329999999961,0.7777773333333281
95.033333,b,,2,0.6192709999999977,0.8256946666666636
95.652604,db,,1,0.5953130000000044,0.7937506666666726
96.247917,b,,2,0.5687489999999968,0.7583319999999958
96.816666,db,,1,0.5640630000000044,0.7520840000000059
97.380729,b,,2,0.5401039999999995,0.7201386666666659
97.920833,db,,1,0.5947919999999982,0.7930559999999977
98.515625,b,,2,0.5843749999999943,0.7791666666666591
99.1,db,,1,0.533332999999999,0.7111106666666652
99.633333,b,,2,0.570834000000005,0.7611120000000066
100.204167,db,,1,0.5510409999999979,0.7347213333333306
100.755208,b,,2,0.539584000000005,0.7194453333333399
101.294792,db,,1,0.5505210000000034,0.7340280000000045
101.845313,b,,2,0.5463539999999938,0.7284719999999917
102.391667,db,,1,0.6020830000000075,0.8027773333333433
102.99375,b,,2,0.5843749999999943,0.7791666666666591
103.578125,db,,1,0.6057289999999966,0.8076386666666622
104.183854,b,,2,0.6723960000000062,0.8965280000000083
104.85625,db,,1,0.6130210000000034,0.8173613333333378
105.469271,b,,2,0.6130209999999892,0.8173613333333188
106.082292,db,,1,0.5947910000000007,0.7930546666666677
106.677083,b,,2,0.5322919999999982,0.7097226666666643
107.209375,db,,1,0.5614580000000018,0.7486106666666691
107.770833,b,,2,0.5166669999999982,0.6888893333333309
108.2875,db,,1,0.5531250000000085,0.7375000000000114
108.840625,b,,2,0.5677079999999961,0.7569439999999948
109.408333,db,,1,0.5734379999999959,0.7645839999999945
109.981771,b,,2,0.579687000000007,0.7729160000000093
110.561458,db,,1,0.609895999999992,0.813194666666656
111.171354,b,,2,0.6010420000000067,0.8013893333333423
111.772396,db,,1,0.5869789999999995,0.7826386666666659
112.359375,b,,2,0.5807290000000052,0.7743053333333402
112.940104,db,,1,0.5864589999999907,0.781945333333321
113.526563,b,,2,0.593229000000008,0.7909720000000107
114.119792,db,,1,0.5562499999999915,0.7416666666666553
114.676042,b,,2,0.5552080000000075,0.7402773333333433
115.23125,db,,1,0.5562499999999915,0.7416666666666553
115.7875,b,,2,0.5979170000000096,0.7972226666666794
116.385417,db,,1,0.6067709999999806,0.8090279999999742
116.99218799999998,b,,2,0.5822910000000121,0.7763880000000162
117.574479,db,,1,0.6031250000000057,0.8041666666666742
118.177604,b,,2,0.594270999999992,0.7923613333333227
118.771875,db,,1,0.560417000000001,0.747222666666668
119.332292,b,,2,0.5187500000000114,0.6916666666666819
119.851042,db,,1,0.5197909999999979,0.6930546666666638
120.370833,b,,2,0.5656259999999946,0.7541679999999928
120.936459,db,,1,0.603123999999994,0.8041653333333253
121.539583,b,,2,0.5901050000000083,0.7868066666666778
122.129688,db,,1,0.5843739999999968,0.7791653333333292
122.714062,b,,2,0.5765630000000073,0.7687506666666764
123.290625,db,,1,0.5583329999999904,0.7444439999999872
123.848958,b,,2,0.5343749999999972,0.7124999999999962
124.383333,db,,1,0.5479170000000124,0.7305560000000165
124.93125,b,,2,0.6052079999999904,0.8069439999999872
125.536458,db,,1,0.5942710000000062,0.7923613333333416
126.130729,b,,2,0.6104169999999982,0.8138893333333309
126.741146,db,,1,0.5708329999999933,0.7611106666666577
127.311979,b,,2,0.593229000000008,0.7909720000000107
127.905208,db,,1,0.555209000000005,0.7402786666666733
128.460417,b,,2,0.5458329999999876,0.7277773333333167
129.00625,db,,1,0.5843749999999943,0.7791666666666591
129.590625,b,,2,0.5531250000000227,0.7375000000000304
130.14375,db,,1,0.6078129999999646,0.8104173333332861
130.75156299999998,b,,2,0.6203120000000126,0.8270826666666835
131.371875,db,,1,0.5968750000000114,0.7958333333333485
131.96875,b,,2,0.577604000000008,0.7701386666666773
132.546354,db,,1,0.5718750000000057,0.7625000000000076
133.118229,b,,2,0.596874999999983,0.7958333333333106
133.715104,db,,1,0.5869790000000137,0.7826386666666849
134.302083,b,,2,0.5828129999999874,0.7770839999999831
134.884896,db,,1,0.611978999999991,0.8159719999999879
135.496875,b,,2,0.5973950000000059,0.7965266666666745
136.09427,db,,1,0.6171879999999987,0.8229173333333316
136.711458,b,,2,0.5989590000000078,0.7986120000000104
137.310417,db,,1,0.6031250000000057,0.8041666666666742
137.913542,b,,2,0.5880209999999693,0.784027999999959
138.50156299999998,db,,1,0.5968740000000423,0.7958320000000564
139.09843700000002,b,,2,0.6015629999999703,0.8020839999999604
139.7,db,,1,0.5656250000000114,0.7541666666666819
140.265625,b,,2,0.5635419999999556,0.7513893333332741
140.82916699999996,db,,1,0.546875,0.7291666666666666
141.37604199999996,b,,2,0.511458000000033,0.6819440000000441
141.8875,db,,1,0.575000000000017,0.7666666666666894
142.4625,b,,2,0.548957999999999,0.7319439999999986
143.011458,db,,1,0.5229170000000067,0.6972226666666757
143.534375,b,,2,0.5416669999999897,0.7222226666666529
144.076042,db,,1,0.5687499999999943,0.7583333333333258
144.644792,b,,2,0.5395829999999933,0.719443999999991
145.184375,db,,1,0.5322920000000124,0.7097226666666833
145.716667,b,,2,0.5302079999999876,0.7069439999999835
146.246875,db,,1,0.5552080000000217,0.7402773333333622
146.802083,b,,2,0.6156249999999943,0.8208333333333258
147.417708,db,,1,0.5869790000000421,0.7826386666667228
148.00468700000005,b,,2,0.5869799999999543,0.782639999999939
148.591667,db,,1,0.5979159999999979,0.7972213333333306
149.189583,b,,2,0.5723959999999977,0.7631946666666636
149.761979,db,,1,0.5963540000000478,0.7951386666667304
150.35833300000004,b,,2,0.6411459999999636,0.8548613333332847
150.999479,db,,1,0.639062999999993,0.8520839999999907
151.638542,b,,2,0.6458330000000103,0.8611106666666805
152.284375,db,,1,0.5604169999999442,0.7472226666665923
152.84479199999996,b,,2,0.6229160000000888,0.8305546666667851
153.46770800000004,db,,1,0.5916669999999442,0.788889333333259
154.059375,b,,2,0.6734380000000044,0.8979173333333392
154.732813,db,,1,0.5963539999999625,0.7951386666666167
155.32916699999996,b,,2,0.6182280000000446,0.8243040000000595
155.947395,db,,1,0.6109390000000019,0.8145853333333358
156.558334,b,,2,0.5692699999999888,0.7590266666666518
157.127604,db,,1,0.5713540000000137,0.7618053333333515
157.698958,b,,2,0.5968750000000398,0.7958333333333864
158.29583300000004,db,,1,0.6124999999999545,0.816666666666606
158.908333,b,,2,0.5791670000000124,0.7722226666666833
159.4875,db,,1,0.5953120000000354,0.7937493333333805
160.08281200000005,b,,2,0.646354999999943,0.8618066666665906
160.729167,db,,1,0.6177080000000217,0.8236106666666956
161.346875,b,,2,0.609375,0.8125
161.95625,db,,1,0.5734379999999817,0.7645839999999756
162.529688,b,,2,0.5973950000000059,0.7965266666666745
163.127083,db,,1,0.5911470000000065,0.7881960000000087
163.71823,b,,2,0.5979159999999979,0.7972213333333306
164.316146,db,,1,0.5979169999999954,0.7972226666666605
164.914063,b,,2,0.5859370000000013,0.781249333333335
165.5,db,,1,0.5833330000000103,0.7777773333333471
166.083333,b,,2,0.5572919999999897,0.7430559999999863
166.640625,db,,1,0.5479169999999556,0.7305559999999408
167.18854199999996,b,,2,0.5479160000000434,0.7305546666667245
167.736458,db,,1,0.5479170000000124,0.7305560000000165
168.284375,b,,2,0.5364579999999819,0.7152773333333092
168.820833,db,,1,0.5250000000000057,0.7000000000000076
169.345833,b,,2,0.5458339999999566,0.7277786666666088
169.89166699999996,db,,1,0.5500000000000398,0.7333333333333864
170.441667,b,,2,0.5374999999999943,0.7166666666666591
170.979167,db,,1,0.5260410000000206,0.7013880000000275
171.505208,b,,2,0.5739589999999453,0.7652786666665937
172.07916699999996,db,,1,0.5697910000000377,0.7597213333333835
172.648958,b,,2,0.5458340000000135,0.7277786666666847
173.194792,db,,1,0.5229160000000377,0.6972213333333835
173.71770800000004,b,,2,0.5489589999999112,0.7319453333332149
174.26666699999996,db,,1,0.5348950000000912,0.7131933333334549
174.80156200000005,b,,2,0.5776039999999512,0.7701386666666016
175.379166,db,,1,0.560417000000001,0.747222666666668
175.939583,b,,2,0.5697920000000067,0.7597226666666757
176.509375,db,,1,0.5729169999999897,0.7638893333333195
177.082292,b,,2,0.5848959999999579,0.7798613333332772
177.66718799999995,db,,1,0.5526040000000023,0.7368053333333364
178.21979199999996,b,,2,0.6416660000000434,0.8555546666667245
178.861458,db,,1,0.59375,0.7916666666666666
179.455208,b,,2,0.5656250000000114,0.7541666666666819
180.020833,db,,1,0.544792000000001,0.7263893333333348
180.565625,b,,2,0.549999999999983,0.7333333333333106
181.115625,db,,1,0.5208340000000078,0.6944453333333437
181.636459,b,,2,0.577604000000008,0.7701386666666773
182.214063,db,,1,0.5604160000000036,0.7472213333333381
182.774479,b,,2,0.5755209999999806,0.7673613333333075
183.35,db,,1,0.5947920000000124,0.7930560000000165
183.944792,b,,2,0.5729159999999922,0.7638879999999896
184.517708,db,,1,0.6442710000000034,0.8590280000000045
185.161979,b,,2,0.7156249999999886,0.9541666666666515
185.877604,db,,1,0.6901040000000194,0.9201386666666925
186.567708,b,,2,0.560937999999993,0.7479173333333241
187.128646,db,,1,0.548437000000007,0.7312493333333426
187.677083,b,,2,0.5963549999999884,0.7951399999999845
188.273438,db,,1,0.6161449999999888,0.8215266666666518
188.889583,b,,2,0.5255210000000261,0.7006946666667014
189.415104,db,,1,0.6005209999999863,0.8006946666666485
190.015625,b,,2,0.5343750000000114,0.7125000000000151
190.55,db,,1,0.595832999999999,0.7944439999999986
191.145833,b,,2,0.5645839999999964,0.7527786666666619
191.710417,db,,1,0.5791659999999865,0.7722213333333153
192.289583,b,,2,0.560417000000001,0.747222666666668
192.85,db,,1,0.5843749999999943,0.7791666666666591
193.434375,b,,2,0.5875000000000057,0.7833333333333409
194.021875,db,,1,0.5765619999999956,0.7687493333333274
194.598437,b,,2,0.5671880000000158,0.7562506666666877
195.165625,db,,1,0.5796880000000044,0.7729173333333392
195.745313,b,,2,0.6005199999999888,0.8006933333333185
196.345833,db,,1,0.6260420000000124,0.8347226666666833
196.971875,b,,2,0.6520829999999762,0.8694439999999682
197.623958,db,,1,0.6276040000000194,0.8368053333333592
198.251562,b,,2,0.6197919999999897,0.8263893333333195
198.871354,db,,1,0.6286460000000034,0.8381946666666712
199.5,b,,2,0.6036459999999977,0.8048613333333302
200.103646,db,,1,0.6182290000000137,0.8243053333333515
200.721875,b,,2,0.5843749999999943,0.7791666666666591
201.30625,db,,1,0.547916999999984,0.7305559999999787
201.854167,b,,2,0.5546870000000013,0.7395826666666684
202.408854,db,,1,0.5401050000000112,0.7201400000000149
202.948959,b,,2,0.5880200000000002,0.784026666666667
203.536979,db,,1,0.6348959999999977,0.846527999999997
204.171875,b,,2,0.6083329999999876,0.8111106666666501
204.780208,db,,1,0.6572920000000124,0.8763893333333499
205.4375,b,,2,0.6520830000000046,0.8694440000000062
206.089583,db,,1,0.659374999999983,0.8791666666666439
206.748958,b,,2,0.5963540000000194,0.7951386666666925
207.345312,db,,1,0.5432299999999941,0.7243066666666588
207.888542,b,,2,0.5625,0.75
208.451042,db,,1,0.5406250000000057,0.7208333333333409
208.991667,b,,2,0.533853999999991,0.7118053333333213
209.525521,db,,1,0.5848960000000147,0.779861333333353
210.110417,b,,2,0.5458329999999876,0.7277773333333167
210.65625,db,,1,0.5562500000000057,0.7416666666666742
211.2125,b,,2,0.5755209999999806,0.7673613333333075
211.788021,db,,1,0.5682290000000023,0.7576386666666698
212.35625,b,,2,0.561458000000016,0.748610666666688
212.917708,db,,1,0.5640630000000044,0.7520840000000059
213.481771,b,,2,0.5614579999999876,0.7486106666666501
214.043229,db,,1,0.5359380000000158,0.7145840000000211
214.579167,b,,2,0.6770829999999819,0.9027773333333092
215.25625,db,,1,0.590625000000017,0.7875000000000227
215.846875,b,,2,0.6203129999999817,0.8270839999999756
216.467188,db,,1,0.608854000000008,0.811805333333344
217.076042,b,,2,0.608854000000008,0.811805333333344
217.684896,db,,1,0.5890619999999842,0.7854159999999789
218.273958,b,,2,0.5895840000000021,0.7861120000000028
218.863542,db,,1,0.5567709999999977,0.7423613333333302
219.420313,b,,2,0.6015620000000013,0.8020826666666684
220.021875,db,,1,0.59375,0.7916666666666666
220.615625,b,,2,0.6052080000000046,0.8069440000000062
221.220833,db,,1,0.6052090000000021,0.8069453333333362
221.826042,b,,2,0.5838540000000023,0.778472000000003
222.409896,db,,1,0.607292000000001,0.809722666666668
223.017188,b,,2,0.6197909999999922,0.8263879999999896
223.636979,db,,1,0.6130210000000034,0.8173613333333378
224.25,b,,2,0.6552079999999876,0.8736106666666501
224.905208,db,,1,0.6000000000000227,0.8000000000000304
225.505208,b,,2,0.609375,0.8125
226.114583,db,,1,0.59375,0.7916666666666666
226.708333,b,,2,0.6135419999999954,0.8180559999999938
227.321875,db,,1,0.6083329999999876,0.8111106666666501
227.930208,b,,2,0.5833340000000078,0.777778666666677
228.513542,db,,1,0.59375,0.7916666666666666
229.107292,b,,2,0.5989580000000103,0.7986106666666805
229.70625,db,,1,0.5874999999999773,0.783333333333303
230.29375,b,,2,0.6020830000000217,0.8027773333333622
230.895833,db,,1,0.5854169999999783,0.780555999999971
231.48125,b,,2,0.6791670000000067,0.905556000000009
232.160417,db,,1,0.5682290000000023,0.7576386666666698
232.728646,b,,2,0.6036459999999977,0.8048613333333302
233.332292,db,,1,0.5411450000000002,0.721526666666667
233.873437,b,,2,0.5750010000000145,0.7666680000000193
234.448438,db,,1,0.563020999999992,0.750694666666656
235.011459,b,,2,0.5671869999999899,0.7562493333333199
235.578646,db,,1,0.5791670000000124,0.7722226666666833
236.157813,b,,2,0.5807280000000219,0.7743040000000292
236.73854100000003,db,,1,0.5406259999999747,0.720834666666633
237.279167,b,,2,0.533853999999991,0.7118053333333213
237.813021,db,,1,0.5234370000000013,0.6979160000000016
238.336458,b,,2,0.5343750000000114,0.7125000000000151
238.870833,db,,1,0.516666999999984,0.688889333333312
239.3875,b,,2,0.561979000000008,0.749305333333344
239.949479,db,,1,0.607812999999993,0.8104173333333241
240.557292,b,,2,0.610937000000007,0.8145826666666759
241.168229,db,,1,0.5859379999999987,0.781250666666665
241.754167,b,,2,0.5875000000000057,0.7833333333333409
242.341667,db,,1,0.5822909999999979,0.7763879999999972
242.923958,b,,2,0.6031260000000032,0.8041680000000042
243.527084,db,,1,0.627082999999999,0.8361106666666652
244.154167,b,,2,0.6052080000000046,0.8069440000000062
244.759375,db,,1,0.5567709999999977,0.7423613333333302
245.316146,b,,2,0.5859379999999987,0.781250666666665
245.902084,db,,1,0.5552079999999933,0.7402773333333243
246.457292,b,,2,0.546874000000031,0.7291653333333746
247.00416600000003,db,,1,0.580208999999968,0.7736119999999573
247.584375,b,,2,0.5692710000000147,0.7590280000000197
248.153646,db,,1,0.563020999999992,0.750694666666656
248.716667,b,,2,0.5348950000000059,0.7131933333333412
249.251562,db,,1,0.5348960000000034,0.7131946666666712
249.786458,b,,2,0.518749999999983,0.6916666666666439
250.305208,db,,1,0.529167000000001,0.7055560000000014
250.834375,b,,2,0.543750000000017,0.7250000000000227
251.378125,db,,1,0.595832999999999,0.7944439999999986
251.973958,b,,2,0.6046869999999842,0.8062493333333123
252.578645,db,,1,0.5911470000000065,0.7881960000000087
253.169792,b,,2,0.6104159999999865,0.8138879999999821
253.780208,db,,1,0.59375,0.7916666666666666
254.373958,b,,2,0.6359380000000101,0.8479173333333468
255.009896,db,,1,0.626562000000007,0.8354160000000093
255.636458,b,,2,0.5421880000000101,0.7229173333333468
256.178646,db,,1,0.5609369999999672,0.7479159999999562
256.739583,b,,2,0.5750000000000455,0.7666666666667273
257.314583,db,,1,0.5520839999999794,0.7361119999999725
257.866667,b,,2,0.5739580000000046,0.7652773333333395
258.440625,db,,1,0.5364579999999819,0.7152773333333092
258.977083,b,,2,0.5687500000000227,0.7583333333333636
259.545833,db,,1,0.6005210000000147,0.8006946666666863
260.14635400000003,b,,2,0.5026039999999625,0.6701386666666167
260.648958,db,,1,0.5687500000000227,0.7583333333333636
261.217708,b,,2,0.5250009999999747,0.7000013333332996
261.742709,db,,1,0.592708000000016,0.7902773333333547
262.335417,b,,2,0.5916659999999752,0.7888879999999668
262.927083,db,,1,0.6239590000000135,0.8319453333333513
263.551042,b,,2,0.6135409999999979,0.8180546666666638
264.164583,db,,1,0.6005210000000147,0.8006946666666863
264.765104,b,,2,0.6005210000000147,0.8006946666666863
265.365625,db,,1,0.5989589999999794,0.7986119999999725
265.964584,b,,2,0.5989579999999819,0.7986106666666425
266.563542,db,,1,0.6901040000000194,0.9201386666666925
267.253646,b,,2,0.6901040000000194,0.9201386666666925
267.94375,db,,1,0.5713539999999853,0.7618053333333137
268.515104,b,,2,0.5713539999999853,0.7618053333333137
269.086458,db,,1,0.6161460000000147,0.8215280000000197
269.702604,b,,2,0.6161460000000147,0.8215280000000197
270.31875,db,,1,0.5927079999999592,0.7902773333332789
270.911458,b,,2,0.5640630000000328,0.7520840000000438
271.475521,db,,1,0.5651039999999625,0.7534719999999501
272.040625,b,,2,0.6072920000000295,0.809722666666706
272.647917,db,,1,0.6036450000000286,0.8048600000000382
273.25156200000004,b,,2,0.5421879999999533,0.722917333333271
273.79375,db,,1,0.6208330000000046,0.8277773333333395
274.414583,b,,2,0.719791999999984,0.9597226666666453
275.134375,db,,1,0.7156250000000455,0.9541666666667273
275.85,b,,2,0.6388019999999983,0.8517359999999977
276.488802,db,,1,0.6388019999999983,0.8517359999999977
277.127604,b,,2,0.5848959999999579,0.7798613333332772
277.7125,db,,1,0.5703120000000581,0.7604160000000775
278.28281200000004,b,,2,0.5869799999999827,0.782639999999977
278.869792,db,,1,0.6135409999999979,0.8180546666666638
279.483333,b,,2,0.5447919999999726,0.7263893333332968
280.028125,db,,1,0.563541999999984,0.751389333333312
280.591667,b,,2,0.6177080000000501,0.8236106666667334
281.209375,db,,1,0.5593749999999886,0.7458333333333181
281.76875,b,,2,0.6458329999999819,0.8611106666666425
282.414583,db,,1,0.65625,0.875
283.070833,b,,2,0.6052080000000046,0.8069440000000062
283.676041,db,,1,0.6250009999999975,0.8333346666666633
284.301042,b,,2,0.608854000000008,0.811805333333344
284.909896,db,,1,0.6312500000000227,0.841666666666697
285.541146,b,,2,0.8583329999999592,1.1444439999999456
286.399479,db,,1,1.0984370000001036,1.4645826666668047
