time,info,metrics,beat_number,duration,relative duration
1.506409,db,4/4,1,0.5074780000000003,1.0149560000000006
2.0138870000000004,b,,2,0.7178144999999994,1.4356289999999987
2.7317015,b,,3,0.4887815000000004,0.9775630000000008
3.220483,b,,4,0.47075299999999975,0.9415059999999995
3.691236,db,,1,0.48477499999999996,0.9695499999999999
4.176011,b,,2,0.4814360000000004,0.9628720000000008
4.657447,b,,3,0.4747589999999997,0.9495179999999994
5.132206,b,,4,0.4734240000000014,0.9468480000000028
5.6056300000000014,db,,1,0.4934554999999987,0.9869109999999974
6.0990855,b,,2,0.4473824999999998,0.8947649999999996
6.546468,b,,3,0.4727560000000004,0.9455120000000008
7.019224,b,,4,0.4326920000000012,0.8653840000000024
7.4519160000000015,db,,1,0.4887809999999986,0.9775619999999972
7.940697,b,,2,0.48477500000000084,0.9695500000000017
8.425472000000001,b,,3,0.4834399999999963,0.9668799999999926
8.908911999999997,b,,4,0.4393690000000028,0.8787380000000056
9.348281,db,,1,0.48076900000000045,0.9615380000000009
9.82905,b,,2,0.4634079999999994,0.9268159999999988
10.292458,b,,3,0.4620720000000009,0.9241440000000019
10.75453,b,,4,0.5415319999999983,1.0830639999999967
11.296062,db,,1,0.5435360000000014,1.0870720000000027
11.839598,b,,2,0.48143699999999967,0.9628739999999993
12.321035,b,,3,0.4600685000000002,0.9201370000000004
12.7811035,b,,4,0.5468744999999995,1.093748999999999
13.327978,db,,1,0.5555555000000005,1.111111000000001
13.8835335,b,,2,0.4914524999999976,0.9829049999999953
14.374985999999998,b,,3,0.4560620000000011,0.9121240000000022
14.831048,b,,4,0.4907849999999989,0.9815699999999978
15.321832999999998,db,,1,0.5034720000000004,1.0069440000000007
15.825304999999998,b,,2,0.4854425000000031,0.9708850000000062
16.3107475,b,,3,0.5168265000000005,1.033653000000001
16.827574000000002,b,,4,0.6410249999999955,1.282049999999991
17.468598999999998,db,,1,0.6370185000000035,1.274037000000007
18.1056175,b,,2,0.46674600000000055,0.9334920000000011
18.5723635,b,,3,0.49212049999999863,0.9842409999999973
19.064484,b,,4,0.4760950000000008,0.9521900000000016
19.540579,db,,1,0.6076379999999979,1.2152759999999958
20.148217,b,,2,0.5028040000000011,1.0056080000000023
20.651021,b,,3,0.45873399999999975,0.9174679999999995
21.109755,b,,4,0.4861104999999988,0.9722209999999976
21.5958655,db,,1,0.47142000000000195,0.9428400000000039
22.0672855,b,,2,0.47943349999999896,0.9588669999999979
22.546719,b,,3,0.4126595000000002,0.8253190000000004
22.9593785,b,,4,0.5275105000000018,1.0550210000000035
23.486889,db,,1,0.6009609999999981,1.2019219999999962
24.08785,b,,2,0.47809799999999925,0.9561959999999985
24.565948,b,,3,0.4594009999999997,0.9188019999999995
25.025349,b,,4,0.45138800000000145,0.9027760000000029
25.476737,db,,1,0.4660790000000006,0.9321580000000012
25.942816,b,,2,0.46474350000000086,0.9294870000000017
26.4075595,b,,3,0.48143599999999864,0.9628719999999973
26.8889955,b,,4,0.49812999999999974,0.9962599999999995
27.3871255,db,,1,0.5268425000000008,1.0536850000000015
27.913968,b,,2,0.4907845000000002,0.9815690000000004
28.4047525,b,,3,0.5034714999999998,1.0069429999999997
28.908224,b,,4,0.5395295000000004,1.0790590000000009
29.4477535,db,,1,0.663727999999999,1.327455999999998
30.1114815,b,,2,0.49746250000000103,0.9949250000000021
30.608944,b,,3,0.4700849999999974,0.9401699999999948
31.079029,b,,4,0.4647430000000021,0.9294860000000043
31.543772,db,,1,0.5048070000000031,1.0096140000000062
32.048579000000004,b,,2,0.46808199999999545,0.9361639999999909
32.516661,b,,3,0.45673049999999904,0.9134609999999981
32.9733915,b,,4,0.5215005000000019,1.0430010000000038
33.494892,db,,1,0.4700850000000045,0.940170000000009
33.964977000000005,b,,2,0.4480494999999962,0.8960989999999924
34.4130265,b,,3,0.47809749999999696,0.9561949999999939
34.891124,b,,4,0.4934560000000019,0.9869120000000038
35.38458,db,,1,0.5101489999999984,1.0202979999999968
35.894729,b,,2,0.4600690000000043,0.9201380000000086
36.354798,b,,3,0.45940149999999846,0.9188029999999969
36.8141995,b,,4,0.5321844999999996,1.0643689999999992
37.346384,db,,1,0.5088129999999964,1.0176259999999928
37.855197,b,,2,0.4647435000000044,0.9294870000000088
38.3199405,b,,3,0.4827719999999971,0.9655439999999942
38.8027125,b,,4,0.47142000000000195,0.9428400000000039
39.2741325,db,,1,0.4867784999999998,0.9735569999999996
39.760911,b,,2,0.4594009999999997,0.9188019999999995
40.220312,b,,3,0.48611100000000107,0.9722220000000021
40.706423,b,,4,0.48477499999999907,0.9695499999999981
41.191198,db,,1,0.4647429999999986,0.9294859999999971
41.655941,b,,2,0.45005300000000403,0.9001060000000081
42.105994,b,,3,0.4594009999999997,0.9188019999999995
42.565395,b,,4,0.4707535000000007,0.9415070000000014
43.0361485,db,,1,0.4994649999999936,0.9989299999999872
43.5356135,b,,2,0.5562225000000041,1.1124450000000081
44.091836,b,,3,0.48210399999999964,0.9642079999999993
44.57394,b,,4,0.5061430000000016,1.0122860000000031
45.080083,db,,1,0.46875,0.9375
45.548833,b,,2,0.4740910000000014,0.9481820000000027
46.022924,b,,3,0.4540589999999938,0.9081179999999875
46.476983,b,,4,0.4807690000000022,0.9615380000000044
46.957752,db,,1,0.47275600000000395,0.9455120000000079
47.430508,b,,2,0.4780979999999957,0.9561959999999914
47.908606,b,,3,0.44204000000001287,0.8840800000000257
48.35064600000001,b,,4,0.4961269999999871,0.9922539999999742
48.846773,db,,1,0.46874950000000126,0.9374990000000025
49.3155225,b,,2,0.4654105000000115,0.930821000000023
49.78093300000001,b,,3,0.4340269999999862,0.8680539999999723
50.21496,b,,4,0.4507210000000015,0.901442000000003
50.665681,db,,1,0.4627400000000037,0.9254800000000074
51.128421,b,,2,0.45272399999999635,0.9054479999999927
51.581145,b,,3,0.4540590000000009,0.9081180000000018
52.035204,b,,4,0.4807690000000022,0.9615380000000044
52.515973,db,,1,0.46340799999999405,0.9268159999999881
52.979381,b,,2,0.4460460000000026,0.8920920000000052
53.425427,b,,3,0.46207300000000373,0.9241460000000075
53.8875,b,,4,0.4901164999999992,0.9802329999999984
54.3776165,db,,1,0.46875,0.9375
54.8463665,b,,2,0.47809750000000406,0.9561950000000081
55.324464000000006,b,,3,0.4607364999999959,0.9214729999999918
55.7852005,b,,4,0.49479150000000516,0.9895830000000103
56.27999200000001,db,,1,0.46006899999999007,0.9201379999999801
56.740061,b,,2,0.48210399999999964,0.9642079999999993
57.222165,b,,3,0.45005300000001114,0.9001060000000223
57.67221800000001,b,,4,0.47542699999998916,0.9508539999999783
58.147645,db,,1,0.46874950000000126,0.9374990000000025
58.6163945,b,,2,0.4727554999999981,0.9455109999999962
59.08915,b,,3,0.45472750000000417,0.9094550000000083
59.5438775,b,,4,0.4560625000000016,0.9121250000000032
59.99994,db,,1,0.43269199999999586,0.8653839999999917
60.432632,b,,2,0.4961265000000026,0.9922530000000052
60.9287585,b,,3,0.4560625000000016,0.9121250000000032
61.384821,b,,4,0.46407549999999986,0.9281509999999997
61.8488965,db,,1,0.44404349999999937,0.8880869999999987
62.29294,b,,2,0.4674140000000051,0.9348280000000102
62.76035400000001,b,,3,0.44070499999999413,0.8814099999999883
63.201059,b,,4,0.4540590000000009,0.9081180000000018
63.655118,db,,1,0.4453789999999884,0.8907579999999768
64.10049699999999,b,,2,0.45539450000001125,0.9107890000000225
64.5558915,b,,3,0.4387015000000076,0.8774030000000153
64.99459300000001,b,,4,0.4607364999999959,0.9214729999999918
65.4553295,db,,1,0.44337600000000066,0.8867520000000013
65.8987055,b,,2,0.43269149999999,0.86538299999998
66.331397,b,,3,0.37059250000000077,0.7411850000000015
66.7019895,b,,4,0.5662389999999959,1.1324779999999919
67.26822849999999,db,,1,0.46274049999999534,0.9254809999999907
67.73096899999999,b,,2,0.45138800000000856,0.9027760000000171
68.182357,b,,3,0.45272400000000346,0.9054480000000069
68.635081,b,,4,0.4834395000000029,0.9668790000000058
69.1185205,db,,1,0.4740915000000001,0.9481830000000002
69.592612,b,,2,0.4500529999999969,0.9001059999999939
70.042665,b,,3,0.4634075000000024,0.9268150000000048
70.5060725,b,,4,0.4507210000000015,0.901442000000003
70.9567935,db,,1,0.45205649999999764,0.9041129999999953
71.40885,b,,2,0.48343900000000417,0.9668780000000083
71.892289,b,,3,0.4447114999999826,0.8894229999999652
72.33700049999999,b,,4,0.5048075000000125,1.009615000000025
72.841808,db,,1,0.46207200000000626,0.9241440000000125
73.30388,b,,2,0.4594009999999997,0.9188019999999995
73.763281,b,,3,0.46340800000001536,0.9268160000000307
74.22668900000002,b,,4,0.48744549999997844,0.9748909999999569
74.7141345,db,,1,0.4527245000000022,0.9054490000000044
75.166859,b,,2,0.4861104999999952,0.9722209999999905
75.6529695,b,,3,0.5154904999999985,1.030980999999997
76.16846,b,,4,0.43936900000002765,0.8787380000000553
76.60782900000002,db,,1,0.47275599999997553,0.9455119999999511
77.080585,b,,2,0.4674140000000051,0.9348280000000102
77.547999,b,,3,0.45272399999998925,0.9054479999999785
78.000723,b,,4,0.49679500000000587,0.9935900000000117
78.497518,db,,1,0.49545899999999676,0.9909179999999935
78.992977,b,,2,0.4861099999999823,0.9722199999999646
79.47908699999998,b,,3,0.4366980000000211,0.8733960000000422
79.915785,b,,4,0.4500529999999969,0.9001059999999939
80.365838,db,,1,0.4573985000000249,0.9147970000000498
80.82323650000002,b,,2,0.4680814999999541,0.9361629999999082
81.29131799999998,b,,3,0.4413730000000271,0.8827460000000542
81.732691,b,,4,0.42668199999998535,0.8533639999999707
82.15937299999999,db,,1,0.46073700000003726,0.9214740000000745
82.62011000000003,b,,2,0.4720879999999994,0.9441759999999988
83.09219800000002,b,,3,0.4413719999999728,0.8827439999999456
83.53357,b,,4,0.4193379999999962,0.8386759999999924
83.952908,db,,1,0.47142000000000905,0.9428400000000181
84.424328,b,,2,0.4767619999999937,0.9535239999999874
84.90109,b,,3,0.4780980000000028,0.9561960000000056
85.379188,b,,4,0.47475950000000466,0.9495190000000093
85.8539475,db,,1,0.45606249999997317,0.9121249999999463
86.31000999999998,b,,2,0.4740910000000298,0.9481820000000596
86.784101,b,,3,0.45272399999998925,0.9054479999999785
87.236825,b,,4,0.49412399999999934,0.9882479999999987
87.730949,db,,1,0.46073599999998294,0.9214719999999659
88.19168499999998,b,,2,0.4767630000000196,0.9535260000000392
88.668448,b,,3,0.4674140000000051,0.9348280000000102
89.135862,b,,4,0.4901169999999979,0.9802339999999958
89.625979,db,,1,0.4647429999999986,0.9294859999999971
90.090722,b,,2,0.47342349999999556,0.9468469999999911
90.5641455,b,,3,0.4714205000000078,0.9428410000000156
91.035566,b,,4,0.4854430000000036,0.9708860000000072
91.521009,db,,1,0.46607849999999473,0.9321569999999895
91.9870875,b,,2,0.4854425000000049,0.9708850000000098
92.47253,b,,3,0.49011749999999665,0.9802349999999933
92.9626475,b,,4,0.4987974999999949,0.9975949999999898
93.461445,db,,1,0.5008009999999956,1.0016019999999912
93.962246,b,,2,0.575587000000013,1.151174000000026
94.537833,b,,3,0.7017887499999915,1.403577499999983
95.23962175,b,,4,0.7017887500000057,1.4035775000000115
95.9414105,db,,1,0.6550474999999949,1.3100949999999898
96.596458,b,,2,0.4634075000000024,0.9268150000000048
97.0598655,b,,3,0.5061424999999957,1.0122849999999914
97.566008,b,,4,0.47876600000000735,0.9575320000000147
98.044774,db,,1,0.5221679999999935,1.044335999999987
98.566942,b,,2,0.4834395000000029,0.9668790000000058
99.0503815,b,,3,0.49011749999999665,0.9802349999999933
99.540499,b,,4,0.5034710000000047,1.0069420000000093
100.04397,db,,1,0.4867784999999998,0.9735569999999996
100.5307485,b,,2,0.4614049999999992,0.9228099999999984
100.9921535,b,,3,0.48744549999999265,0.9748909999999853
101.479599,b,,4,0.4727565000000027,0.9455130000000054
101.9523555,db,,1,0.5568905000000086,1.1137810000000172
102.509246,b,,2,0.4767619999999937,0.9535239999999874
102.986008,b,,3,0.4500529999999969,0.9001059999999939
103.436061,b,,4,0.5141555000000011,1.0283110000000022
103.9502165,db,,1,0.47475950000000466,0.9495190000000093
104.424976,b,,2,0.4994650000000007,0.9989300000000014
104.924441,b,,3,0.4467144999999988,0.8934289999999976
105.3711555,b,,4,0.5014685000000014,1.0029370000000029
105.872624,db,,1,0.4867784999999998,0.9735569999999996
106.3594025,b,,2,0.4874459999999914,0.9748919999999828
106.8468485,b,,3,0.4660780000000102,0.9321560000000204
107.3129265,b,,4,0.49879799999999364,0.9975959999999873
107.8117245,db,,1,0.4467144999999988,0.8934289999999976
108.258439,b,,2,0.4594009999999997,0.9188019999999995
108.71784,b,,3,0.4540590000000009,0.9081180000000018
109.171899,b,,4,0.43269200000000296,0.8653840000000059
109.604591,db,,1,0.4553949999999958,0.9107899999999916
110.059986,b,,2,0.45539500000001,0.91079000000002
110.515381,b,,3,0.4794330000000002,0.9588660000000004
110.994814,b,,4,0.45539500000001,0.91079000000002
111.45020900000002,db,,1,0.5462069999999812,1.0924139999999625
111.996416,b,,2,0.4580660000000023,0.9161320000000046
112.454482,b,,3,0.47141999999999484,0.9428399999999897
112.925902,b,,4,0.4734240000000085,0.946848000000017
113.399326,db,,1,0.4747589999999917,0.9495179999999834
113.874085,b,,2,0.47142000000000905,0.9428400000000181
114.345505,b,,3,0.47208849999999813,0.9441769999999963
114.8175935,b,,4,0.4694175000000058,0.9388350000000116
115.287011,db,,1,0.47742999999999824,0.9548599999999965
115.764441,b,,2,0.4427079999999961,0.8854159999999922
116.207149,b,,3,0.4787654999999944,0.9575309999999888
116.6859145,b,,4,0.46273949999999786,0.9254789999999957
117.148654,db,,1,0.46875,0.9375
117.617404,b,,2,0.46073600000001136,0.9214720000000227
118.07814,b,,3,0.4634084999999999,0.9268169999999998
118.5415485,b,,4,0.5622314999999958,1.1244629999999916
119.10378,db,,1,0.5141559999999998,1.0283119999999997
119.617936,b,,2,0.45272400000000346,0.9054480000000069
120.07066,b,,3,0.47275599999998974,0.9455119999999795
120.543416,b,,4,0.5181620000000038,1.0363240000000076
121.061578,db,,1,0.4720879999999994,0.9441759999999988
121.533666,b,,2,0.4720879999999994,0.9441759999999988
122.005754,b,,3,0.5001330000000195,1.000266000000039
122.50588700000002,b,,4,0.48811399999998173,0.9762279999999635
122.994001,db,,1,0.46207200000000626,0.9241440000000125
123.456073,b,,2,0.48611099999999396,0.9722219999999879
123.942184,b,,3,0.48410750000000746,0.9682150000000149
124.4262915,b,,4,0.49345549999999605,0.9869109999999921
124.919747,db,,1,0.4634075000000024,0.9268150000000048
125.3831545,b,,2,0.45806550000000357,0.9161310000000071
125.84122,b,,3,0.45873399999999265,0.9174679999999853
126.299954,b,,4,0.4854430000000036,0.9708860000000072
126.785397,db,,1,0.47275599999998974,0.9455119999999795
127.258153,b,,2,0.4767620000000079,0.9535240000000158
127.734915,b,,3,0.46207200000000626,0.9241440000000125
128.196987,b,,4,0.46407550000000697,0.9281510000000139
128.6610625,db,,1,0.46808199999998124,0.9361639999999625
129.1291445,b,,2,0.4700845000000129,0.9401690000000258
129.599229,b,,3,0.4807689999999809,0.9615379999999618
130.079998,b,,4,0.47275600000000395,0.9455120000000079
130.552754,db,,1,0.4680819999999528,0.9361639999999056
131.02083599999995,b,,2,0.4680820000000381,0.9361640000000762
131.48891799999998,b,,3,0.46407500000000823,0.9281500000000165
131.952993,b,,4,0.45873400000002107,0.9174680000000421
132.411727,db,,1,0.4553944999999828,0.9107889999999657
132.8671215,b,,2,0.4553944999999828,0.9107889999999657
133.32251599999998,b,,3,0.45138900000000604,0.9027780000000121
133.77390499999998,b,,4,0.4340270000000146,0.8680540000000292
134.207932,db,,1,0.45539500000001,0.91079000000002
134.663327,b,,2,0.4340269999999862,0.8680539999999723
135.097354,b,,3,0.44337600000000066,0.8867520000000013
135.54073,b,,4,0.43269200000000296,0.8653840000000059
135.973422,db,,1,0.4366980000000069,0.8733960000000138
136.41012,b,,2,0.4580660000000023,0.9161320000000046
136.868186,b,,3,0.4433750000000032,0.8867500000000064
137.311561,b,,4,0.4513889999999776,0.9027779999999552
137.76295,db,,1,0.43002100000001064,0.8600420000000213
138.192971,b,,2,0.45940100000001394,0.9188020000000279
138.652372,b,,3,0.4246789999999976,0.8493579999999952
139.077051,b,,4,0.43536299999996686,0.8707259999999337
139.51241399999998,db,,1,0.451388000000037,0.902776000000074
139.96380200000002,b,,2,0.4513889999999776,0.9027779999999552
140.415191,b,,3,0.47275600000000395,0.9455120000000079
140.887947,b,,4,0.47542699999999627,0.9508539999999925
141.363374,db,,1,0.4634070000000179,0.9268140000000358
141.826781,b,,2,0.4600690000000327,0.9201380000000654
142.28685000000004,b,,3,0.4280179999999518,0.8560359999999037
142.714868,b,,4,0.4447110000000123,0.8894220000000246
143.159579,db,,1,0.45539499999998156,0.9107899999999631
143.614974,b,,2,0.45739800000001196,0.9147960000000239
144.072372,b,,3,0.4614039999999875,0.922807999999975
144.533776,b,,4,0.4393695000000548,0.8787390000001096
144.97314550000004,db,,1,0.4433754999999451,0.8867509999998902
145.416521,b,,2,0.4614050000000134,0.9228100000000268
145.877926,b,,3,0.4453785000000039,0.8907570000000078
146.3233045,b,,4,0.4573980000000404,0.9147960000000808
146.78070250000005,db,,1,0.43603049999995847,0.8720609999999169
147.216733,b,,2,0.47809800000004543,0.9561960000000909
147.69483100000005,b,,3,0.4393689999999424,0.8787379999998848
148.1342,b,,4,0.4427080000000103,0.8854160000000206
148.576908,db,,1,0.4734239999999943,0.9468479999999886
149.050332,b,,2,0.49278799999999023,0.9855759999999805
149.54312,b,,3,0.4874460000000056,0.9748920000000112
150.030566,b,,4,0.5662390000000528,1.1324780000001056
150.59680500000005,db,,1,0.7051269999999477,1.4102539999998953
151.301932,b,,2,0.4487180000000137,0.8974360000000274
151.75065,b,,3,0.43269099999994864,0.8653819999998973
152.18334099999996,b,,4,0.5108170000000882,1.0216340000001765
152.69415800000004,db,,1,0.66973799999991,1.33947599999982
153.36389599999995,b,,2,0.5014685000000441,1.0029370000000881
153.8653645,b,,3,0.48811399999999594,0.9762279999999919
154.3534785,b,,4,0.5021355000000085,1.004271000000017
154.855614,db,,1,0.5502140000000111,1.1004280000000222
155.405828,b,,2,0.4707520000000329,0.9415040000000658
155.87658000000005,b,,3,0.4814369999999428,0.9628739999998857
156.358017,b,,4,0.4907844999999611,0.9815689999999222
156.84880149999995,db,,1,0.5061425000000384,1.0122850000000767
157.354944,b,,2,0.48744600000006244,0.9748920000001249
157.84239000000005,b,,3,0.4767624999999498,0.9535249999998996
158.3191525,b,,4,0.45205649999999764,0.9041129999999953
158.771209,db,,1,0.4981300000000033,0.9962600000000066
159.269339,b,,2,0.49078450000004636,0.9815690000000927
159.76012350000005,b,,3,0.4734234999999387,0.9468469999998774
160.233547,b,,4,0.491453000000007,0.982906000000014
160.725,db,,1,0.4727550000000065,0.945510000000013
161.197755,b,,2,0.5154909999999973,1.0309819999999945
161.713246,b,,3,0.4594020000000114,0.9188040000000228
162.172648,b,,4,0.5515484999999956,1.1030969999999911
162.7241965,db,,1,0.5548869999999511,1.1097739999999021
163.27908349999996,b,,2,0.5255065000000343,1.0510130000000686
163.80459,b,,3,0.4547280000000171,0.9094560000000342
164.259318,b,,4,0.5642354999999952,1.1284709999999905
164.8235535,db,,1,0.6076380000000086,1.2152760000000171
165.4311915,b,,2,0.5048074999999983,1.0096149999999966
165.935999,b,,3,0.4540590000000009,0.9081180000000018
166.390058,b,,4,0.5021359999999788,1.0042719999999576
166.892194,db,,1,0.4947914999999625,0.989582999999925
167.38698549999995,b,,2,0.5128200000000618,1.0256400000001236
167.8998055,b,,3,0.4861104999999384,0.9722209999998768
168.38591599999995,b,,4,0.552216000000044,1.104432000000088
168.938132,db,,1,0.46941750000004845,0.9388350000000969
169.40754950000004,b,,2,0.45472699999990596,0.9094539999998119
169.86227649999995,b,,3,0.4573985000000391,0.9147970000000782
170.319675,b,,4,0.47075250000000324,0.9415050000000065
170.7904275,db,,1,0.4787655000000086,0.9575310000000172
171.269193,b,,2,0.470753000000002,0.941506000000004
171.739946,b,,3,0.4480494999999962,0.8960989999999924
172.1879955,b,,4,0.48344000000000165,0.9668800000000033
172.6714355,db,,1,0.4660784999999521,0.9321569999999042
173.13751399999995,b,,2,0.4400370000000464,0.8800740000000928
173.577551,b,,3,0.46941750000004845,0.9388350000000969
174.04696850000005,b,,4,0.4720874999999012,0.9441749999998024
174.51905599999995,db,,1,0.4674145000000465,0.934829000000093
174.9864705,b,,2,0.44738150000000587,0.8947630000000117
175.433852,b,,3,0.45339199999995117,0.9067839999999023
175.88724399999995,b,,4,0.4480500000000518,0.8961000000001036
176.335294,db,,1,0.47542649999999753,0.9508529999999951
176.8107205,b,,2,0.4560625000000016,0.9121250000000032
177.266783,b,,3,0.4647434999999973,0.9294869999999946
177.7315265,b,,4,0.4527234999999905,0.905446999999981
178.18425,db,,1,0.4513885000000073,0.9027770000000146
178.6356385,b,,2,0.45205649999999764,0.9041129999999953
179.087695,b,,3,0.4573979999999551,0.9147959999999102
179.54509299999995,b,,4,0.5228360000000407,1.0456720000000814
180.067929,db,,1,0.49278800000001866,0.9855760000000373
180.560717,b,,2,0.47542699999999627,0.9508539999999925
181.036144,b,,3,0.5368579999999952,1.0737159999999903
181.573002,b,,4,0.49278799999999023,0.9855759999999805
182.06579,db,,1,0.5395300000000134,1.0790600000000268
182.60532,b,,2,0.4794330000000002,0.9588660000000004
183.084753,b,,3,0.5061419999999828,1.0122839999999655
183.590895,b,,4,0.6223290000000077,1.2446580000000154
184.213224,db,,1,0.629006000000004,1.258012000000008
184.84223,b,,2,0.4774294999999995,0.954858999999999
185.3196595,b,,3,0.4894495000000063,0.9788990000000126
185.809109,b,,4,0.4740914999999859,0.9481829999999718
186.2832005,db,,1,0.5008004999999969,1.0016009999999937
186.784001,b,,2,0.46941750000002,0.93883500000004
187.2534185,b,,3,0.49078499999998826,0.9815699999999765
187.7442035,b,,4,0.5208325000000116,1.0416650000000232
188.265036,db,,1,0.47542699999999627,0.9508539999999925
188.740463,b,,2,0.4647429999999986,0.9294859999999971
189.205206,b,,3,0.48010099999999056,0.9602019999999811
189.685307,b,,4,0.44738250000000335,0.8947650000000067
190.1326895,db,,1,0.5328514999999925,1.065702999999985
190.665541,b,,2,0.471420500000022,0.942841000000044
191.1369615,b,,3,0.4907844999999895,0.981568999999979
191.627746,b,,4,0.5408649999999966,1.0817299999999932
192.168611,db,,1,0.48611099999999396,0.9722219999999879
192.654722,b,,2,0.47742999999999824,0.9548599999999965
193.132152,b,,3,0.493456000000009,0.986912000000018
193.625608,b,,4,0.4814360000000306,0.9628720000000612
194.10704400000003,db,,1,0.4774299999999698,0.9548599999999396
194.584474,b,,2,0.48344000000000165,0.9668800000000033
195.067914,b,,3,0.4794330000000002,0.9588660000000004
195.547347,b,,4,0.46875,0.9375
196.016097,db,,1,0.4887809999999888,0.9775619999999776
196.504878,b,,2,0.4787660000000358,0.9575320000000715
196.98364400000003,b,,3,0.4527234999999621,0.9054469999999242
197.4363675,b,,4,0.478098000000017,0.956196000000034
197.9144655,db,,1,0.46207200000000626,0.9241440000000125
198.3765375,b,,2,0.5542199999999866,1.1084399999999732
198.9307575,b,,3,0.48277150000001257,0.9655430000000251
199.413529,b,,4,0.5141559999999856,1.0283119999999712
199.927685,db,,1,0.4500529999999969,0.9001059999999939
200.377738,b,,2,0.5061420000000112,1.0122840000000224
200.88388,b,,3,0.42200800000000527,0.8440160000000105
201.305888,b,,4,0.5021369999999763,1.0042739999999526
201.808025,db,,1,0.46073600000002557,0.9214720000000511
202.268761,b,,2,0.4914529999999786,0.9829059999999572
202.760214,b,,3,0.4246789999999976,0.8493579999999952
203.184893,b,,4,0.4807685000000106,0.9615370000000212
203.6656615,db,,1,0.4647434999999973,0.9294869999999946
204.130405,b,,2,0.4740910000000156,0.9481820000000312
204.604496,b,,3,0.4473819999999762,0.8947639999999524
205.051878,b,,4,0.4594020000000114,0.9188040000000228
205.51128,db,,1,0.46340699999998947,0.9268139999999789
205.974687,b,,2,0.45405999999999835,0.9081199999999967
206.428747,b,,3,0.4567300000000216,0.9134600000000432
206.885477,b,,4,0.4994649999999865,0.998929999999973
207.384942,db,,1,0.45539500000001,0.91079000000002
207.840337,b,,2,0.48344000000000165,0.9668800000000033
208.323777,b,,3,0.4647429999999986,0.9294859999999971
208.78852,b,,4,0.48811399999999594,0.9762279999999919
209.276634,db,,1,0.4747590000000059,0.9495180000000119
209.751393,b,,2,0.4674139999999909,0.9348279999999818
210.218807,b,,3,0.4821044999999913,0.9642089999999826
210.7009115,b,,4,0.4720880000000136,0.9441760000000272
211.1729995,db,,1,0.47275600000000395,0.9455120000000079
211.6457555,b,,2,0.4660779999999818,0.9321559999999636
212.1118335,b,,3,0.4660790000000077,0.9321580000000154
212.5779125,b,,4,0.4814360000000022,0.9628720000000044
213.0593485,db,,1,0.4740915000000143,0.9481830000000286
213.53344,b,,2,0.46207249999997657,0.9241449999999531
213.9955125,b,,3,0.46874950000000126,0.9374990000000025
214.464262,b,,4,0.4847750000000133,0.9695500000000266
214.949037,db,,1,0.43936899999999923,0.8787379999999985
215.388406,b,,2,0.48945000000000505,0.9789000000000101
215.877856,b,,3,0.4533909999999821,0.9067819999999642
216.331247,b,,4,0.4573985000000107,0.9147970000000214
216.7886455,db,,1,0.46006850000000554,0.9201370000000111
217.248714,b,,2,0.4580660000000023,0.9161320000000046
217.70678,b,,3,0.4500529999999969,0.9001059999999939
218.156833,b,,4,0.4607364999999959,0.9214729999999918
218.6175695,db,,1,0.46140499999998497,0.9228099999999699
219.0789745,b,,2,0.47142000000002326,0.9428400000000465
219.5503945,b,,3,0.45005349999999567,0.9001069999999913
220.000448,b,,4,0.4914519999999811,0.9829039999999623
220.4919,db,,1,0.46140450000001465,0.9228090000000293
220.9533045,b,,2,0.4340274999999849,0.8680549999999698
221.387332,b,,3,0.48076850000006743,0.9615370000001349
221.86810050000005,b,,4,0.4293534999999338,0.8587069999998675
222.297454,db,,1,0.48677800000001525,0.9735560000000305
222.784232,b,,2,0.4580660000000023,0.9161320000000046
223.242298,b,,3,0.4634074999999882,0.9268149999999764
223.7057055,b,,4,0.4941235000000006,0.9882470000000012
224.199829,db,,1,0.4887820000000147,0.9775640000000294
224.688611,b,,2,0.4594009999999855,0.918801999999971
225.148012,b,,3,0.46140450000001465,0.9228090000000293
225.6094165,b,,4,0.4760944999999879,0.9521889999999757
226.085511,db,,1,0.45138900000000604,0.9027780000000121
226.5369,b,,2,0.4700845000000413,0.9401690000000826
227.00698450000004,b,,3,0.45005349999996724,0.9001069999999345
227.457038,b,,4,0.4700849999999832,0.9401699999999664
227.927123,db,,1,0.45138800000000856,0.9027760000000171
228.378511,b,,2,0.44203999999999155,0.8840799999999831
228.820551,b,,3,0.4794330000000002,0.9588660000000004
229.299984,b,,4,0.4707530000000588,0.9415060000001176
229.77073700000005,db,,1,0.43335999999993646,0.8667199999998729
230.204097,b,,2,0.5048069999999996,1.0096139999999991
230.708904,b,,3,0.46073700000002304,0.9214740000000461
231.169641,b,,4,0.4500529999999969,0.9001059999999939
231.619694,db,,1,0.4674139999999909,0.9348279999999818
232.087108,b,,2,0.45272399999998925,0.9054479999999785
232.539832,b,,3,0.4447110000000407,0.8894220000000814
232.98454300000003,b,,4,0.503470999999962,1.006941999999924
233.488014,db,,1,0.47409200000001306,0.9481840000000261
233.962106,b,,2,0.45138799999998014,0.9027759999999603
234.413494,b,,3,0.46340800000001536,0.9268160000000307
234.876902,b,,4,0.49278799999999023,0.9855759999999805
235.36969,db,,1,0.44671400000001427,0.8934280000000285
235.816404,b,,2,0.47742999999999824,0.9548599999999965
236.293834,b,,3,0.4293534999999906,0.8587069999999812
236.7231875,b,,4,0.4340270000000146,0.8680540000000292
237.1572145,db,,1,0.470753000000002,0.941506000000004
237.6279675,b,,2,0.48410749999999325,0.9682149999999865
238.112075,b,,3,0.43602999999998815,0.8720599999999763
238.548105,b,,4,0.44070500000000834,0.8814100000000167
238.98881,db,,1,0.46875,0.9375
239.45756,b,,2,0.4567299999999932,0.9134599999999864
239.91429,b,,3,0.48210399999999254,0.9642079999999851
240.396394,b,,4,0.6503739999999993,1.3007479999999987
241.046768,db,,1,0.4754260000000272,0.9508520000000544
241.522194,b,,2,0.45272400000001767,0.9054480000000353
241.97491800000003,b,,3,0.45405999999996993,0.9081199999999399
242.428978,b,,4,0.4560625000000016,0.9121250000000032
242.8850405,db,,1,0.4747585000000072,0.9495170000000144
243.359799,b,,2,0.46607899999997926,0.9321579999999585
243.825878,b,,3,0.4366980000000069,0.8733960000000138
244.262576,b,,4,0.4714209999999923,0.9428419999999846
244.733997,db,,1,0.4767620000000079,0.9535240000000158
245.210759,b,,2,0.495459000000011,0.990918000000022
245.706218,b,,3,0.5475419999999929,1.0950839999999857
246.25376,b,,4,0.8299939999999992,1.6599879999999985
247.083754,db,,1,0.5295130000000086,1.0590260000000171
247.613267,b,,2,0.45539499999998156,0.9107899999999631
248.068662,b,,3,0.5114850000000217,1.0229700000000435
248.580147,b,,4,0.48076799999998343,0.9615359999999669
249.060915,db,,1,0.49412399999999934,0.9882479999999987
249.555039,b,,2,0.48210399999999254,0.9642079999999851
250.037143,b,,3,0.4867785000000424,0.9735570000000848
250.52392150000003,b,,4,0.47743049999996856,0.9548609999999371
251.001352,db,,1,0.4807685000000106,0.9615370000000212
251.4821205,b,,2,0.48277149999998414,0.9655429999999683
251.964892,b,,3,0.4720880000000136,0.9441760000000272
252.43698,b,,4,0.49212099999999737,0.9842419999999947
252.929101,db,,1,0.47809749999998985,0.9561949999999797
253.4071985,b,,2,0.4914525000000083,0.9829050000000166
253.898651,b,,3,0.47275600000000395,0.9455120000000079
254.371407,b,,4,0.5081454999999835,1.016290999999967
254.8795525,db,,1,0.54754250000002,1.09508500000004
255.427095,b,,2,0.7024569999999812,1.4049139999999625
