time,info,metrics,beat_number,duration,relative duration
1.523102,db,4/4,1,0.5582260000000001,1.1164520000000002
2.081328,b,,2,0.46274000000000015,0.9254800000000003
2.544068,b,,3,0.4967944999999996,0.9935889999999992
3.0408625,b,,4,0.4914525000000003,0.9829050000000006
3.532315,db,,1,0.49011700000000014,0.9802340000000003
4.022432,b,,2,0.48410699999999984,0.9682139999999997
4.506539,b,,3,0.5068109999999999,1.0136219999999998
5.01335,b,,4,0.4680814999999994,0.9361629999999987
5.481431499999999,db,,1,0.5054745,1.010949
5.986905999999999,b,,2,0.4467150000000011,0.8934300000000022
6.4336210000000005,b,,3,0.5001329999999999,1.0002659999999999
6.933754,b,,4,0.4447109999999981,0.8894219999999962
7.3784649999999985,db,,1,0.49412300000000187,0.9882460000000037
7.872588,b,,2,0.49679500000000054,0.9935900000000011
8.369383000000001,b,,3,0.4740909999999996,0.9481819999999992
8.843474,b,,4,0.4714209999999994,0.9428419999999988
9.314895,db,,1,0.4634070000000001,0.9268140000000002
9.778302,b,,2,0.45539499999999933,0.9107899999999987
10.233697,b,,3,0.48410750000000036,0.9682150000000007
10.7178045,b,,4,0.4707530000000002,0.9415060000000004
11.1885575,db,,1,0.4687494999999995,0.937498999999999
11.657307,b,,2,0.49278750000000215,0.9855750000000043
12.150094500000002,b,,3,0.48076899999999867,0.9615379999999973
12.6308635,b,,4,0.4921199999999981,0.9842399999999962
13.122983499999998,db,,1,0.46941750000000226,0.9388350000000045
13.592401,b,,2,0.48143649999999916,0.9628729999999983
14.0738375,b,,3,0.4500530000000005,0.900106000000001
14.5238905,b,,4,0.49479149999999983,0.9895829999999997
15.018682,db,,1,0.4720879999999994,0.9441759999999988
15.49077,b,,2,0.49479050000000235,0.9895810000000047
15.985560500000002,b,,3,0.4861109999999975,0.972221999999995
16.4716715,b,,4,0.5842675000000028,1.1685350000000057
17.055939000000002,db,,1,0.6136479999999978,1.2272959999999955
17.669587,b,,2,0.4467144999999988,0.8934289999999976
18.1163015,b,,3,0.5034714999999998,1.0069429999999997
18.619773,b,,4,0.45606300000000033,0.9121260000000007
19.075836,db,,1,0.4754269999999998,0.9508539999999996
19.551263,b,,2,0.5148225000000011,1.0296450000000021
20.0660855,b,,3,0.4787655000000015,0.957531000000003
20.544851,b,,4,0.45072100000000503,0.9014420000000101
20.995572000000006,db,,1,0.5021364999999953,1.0042729999999906
21.4977085,b,,2,0.4907844999999966,0.9815689999999933
21.988493,b,,3,0.4634075000000024,0.9268150000000048
22.4519005,b,,4,0.5074784999999977,1.0149569999999954
22.959379,db,,1,0.49278800000001155,0.9855760000000231
23.45216700000001,b,,2,0.48277149999999125,0.9655429999999825
23.9349385,b,,3,0.47609449999999853,0.9521889999999971
24.411033,b,,4,0.44604650000000134,0.8920930000000027
24.8570795,db,,1,0.4901175000000002,0.9802350000000004
25.347197,b,,2,0.4540594999999996,0.9081189999999992
25.8012565,b,,3,0.4220074999999994,0.8440149999999988
26.223264,b,,4,0.48076950000000096,0.9615390000000019
26.7040335,db,,1,0.48744549999999975,0.9748909999999995
27.191479,b,,2,0.45873349999999746,0.9174669999999949
27.6502125,b,,3,0.46875,0.9375
28.1189625,b,,4,0.5188295000000025,1.037659000000005
28.637792,db,,1,0.5442035000000089,1.0884070000000179
29.18199550000001,b,,2,0.47475949999999045,0.9495189999999809
29.656755,b,,3,0.43870099999999823,0.8774019999999965
30.095456,b,,4,0.45339150000000217,0.9067830000000043
30.5488475,db,,1,0.5021365000000024,1.0042730000000049
31.050984000000003,b,,2,0.4634074999999953,0.9268149999999906
31.5143915,b,,3,0.48210450000000193,0.9642090000000039
31.996496,b,,4,0.5101489999999984,1.0202979999999968
32.506645,db,,1,0.5021360000000001,1.0042720000000003
33.008781,b,,2,0.4353630000000024,0.8707260000000048
33.444144,b,,3,0.46407549999999986,0.9281509999999997
33.9082195,b,,4,0.5041395000000009,1.0082790000000017
34.412359,db,,1,0.4814360000000022,0.9628720000000044
34.893795000000004,b,,2,0.46941799999999745,0.9388359999999949
35.363213,b,,3,0.4547264999999854,0.9094529999999708
35.81793949999999,b,,4,0.5241715000000156,1.0483430000000311
36.342111,db,,1,0.4794330000000002,0.9588660000000004
36.821544,b,,2,0.47008549999999616,0.9401709999999923
37.2916295,b,,3,0.4614040000000017,0.9228080000000034
37.7530335,b,,4,0.5528844999999976,1.1057689999999951
38.305918,db,,1,0.4413720000000012,0.8827440000000024
38.74729,b,,2,0.4901169999999979,0.9802339999999958
39.237407,b,,3,0.4580660000000023,0.9161320000000046
39.695473,b,,4,0.48477499999999907,0.9695499999999981
40.180248,db,,1,0.46340800000000115,0.9268160000000023
40.643656,b,,2,0.4807690000000022,0.9615380000000044
41.124425,b,,3,0.4460460000000097,0.8920920000000194
41.57047100000001,b,,4,0.46808199999998834,0.9361639999999767
42.038553,db,,1,0.46073700000000173,0.9214740000000035
42.49929,b,,2,0.5588935000000106,1.1177870000000212
43.05818350000001,b,,3,0.4754264999999904,0.9508529999999809
43.53361,b,,4,0.4821049999999971,0.9642099999999942
44.015715,db,,1,0.4540590000000009,0.9081180000000018
44.469774,b,,2,0.4580660000000023,0.9161320000000046
44.92784,b,,3,0.4647429999999986,0.9294859999999971
45.392583,b,,4,0.45272399999999635,0.9054479999999927
45.845307,db,,1,0.4660780000000031,0.9321560000000062
46.311385,b,,2,0.47275599999999685,0.9455119999999937
46.784141,b,,3,0.4647429999999986,0.9294859999999971
47.248884,b,,4,0.4393700000000038,0.8787400000000076
47.688254,db,,1,0.467413999999998,0.934827999999996
48.155668,b,,2,0.46073600000000425,0.9214720000000085
48.616404,b,,3,0.4700849999999974,0.9401699999999948
49.086489,b,,4,0.45873399999999265,0.9174679999999853
49.54522299999999,db,,1,0.4413720000000083,0.8827440000000166
49.986595,b,,2,0.4594019999999972,0.9188039999999944
50.445997,b,,3,0.44203999999999866,0.8840799999999973
50.888037,b,,4,0.4660780000000031,0.9321560000000062
51.354115,db,,1,0.4366990000000115,0.873398000000023
51.79081400000001,b,,2,0.4687489999999883,0.9374979999999766
52.259563,b,,3,0.4340270000000004,0.8680540000000008
52.69359,b,,4,0.46407549999999276,0.9281509999999855
53.15766549999999,db,,1,0.47208850000001945,0.9441770000000389
53.62975400000001,b,,2,0.4620724999999908,0.9241449999999816
54.0918265,b,,3,0.4540589999999938,0.9081179999999875
54.5458855,b,,4,0.484775500000012,0.969551000000024
55.03066100000001,db,,1,0.4674139999999909,0.9348279999999818
55.498075,b,,2,0.4453784999999968,0.8907569999999936
55.9434535,b,,3,0.4734240000000156,0.9468480000000312
56.41687750000001,b,,4,0.4640749999999798,0.9281499999999596
56.88095249999999,db,,1,0.47943350000000606,0.9588670000000121
57.360386,b,,2,0.45339150000000217,0.9067830000000043
57.8137775,b,,3,0.4801010000000119,0.9602020000000238
58.29387850000001,b,,4,0.45539499999998867,0.9107899999999773
58.7492735,db,,1,0.4573984999999965,0.914796999999993
59.206672,b,,2,0.44404300000001484,0.8880860000000297
59.65071500000001,b,,3,0.4854429999999894,0.9708859999999788
60.136158,b,,4,0.46741349999999926,0.9348269999999985
60.6035715,db,,1,0.4861114999999998,0.9722229999999996
61.089683,b,,2,0.44871700000000203,0.8974340000000041
61.5384,b,,3,0.47542699999999627,0.9508539999999925
62.013827,b,,4,0.48410750000000036,0.9682150000000007
62.4979345,db,,1,0.4400370000000038,0.8800740000000076
62.9379715,b,,2,0.4847744999999932,0.9695489999999864
63.422746,b,,3,0.46407550000000697,0.9281510000000139
63.8868215,b,,4,0.4600694999999959,0.9201389999999918
64.346891,db,,1,0.47008500000001163,0.9401700000000233
64.81697600000001,b,,2,0.479432999999986,0.958865999999972
65.296409,b,,3,0.44137249999999995,0.8827449999999999
65.7377815,b,,4,0.495459000000011,0.990918000000022
66.23324050000001,db,,1,0.47475949999999045,0.9495189999999809
66.708,b,,2,0.4473819999999904,0.8947639999999808
67.15538199999999,b,,3,0.45405850000001635,0.9081170000000327
67.6094405,b,,4,0.48744650000000433,0.9748930000000087
68.09688700000001,db,,1,0.4807689999999951,0.9615379999999902
68.577656,b,,2,0.4607369999999946,0.9214739999999892
69.038393,b,,3,0.4587329999999952,0.9174659999999903
69.497126,b,,4,0.47275600000001816,0.9455120000000363
69.96988200000001,db,,1,0.4547269999999912,0.9094539999999824
70.424609,b,,2,0.4353629999999953,0.8707259999999906
70.859972,b,,3,0.4767619999999795,0.953523999999959
71.33673399999998,b,,4,0.46207200000002047,0.9241440000000409
71.798806,db,,1,0.48477599999999654,0.9695519999999931
72.283582,b,,2,0.46674600000000055,0.9334920000000011
72.750328,b,,3,0.4333600000000075,0.866720000000015
73.183688,b,,4,0.48010050000002025,0.9602010000000405
73.66378850000002,db,,1,0.4266824999999699,0.8533649999999398
74.090471,b,,2,0.5061424999999815,1.012284999999963
74.59661349999998,b,,3,0.44471150000002524,0.8894230000000505
75.041325,b,,4,0.5208319999999986,1.0416639999999973
75.562157,db,,1,0.4887820000000005,0.977564000000001
76.050939,b,,2,0.44871700000000203,0.8974340000000041
76.499656,b,,3,0.4500529999999969,0.9001059999999939
76.949709,b,,4,0.4981300000000033,0.9962600000000066
77.447839,db,,1,0.5101489999999984,1.0202979999999968
77.957988,b,,2,0.4660790000000219,0.9321580000000438
78.42406700000002,b,,3,0.4580659999999739,0.9161319999999478
78.882133,b,,4,0.4594009999999997,0.9188019999999995
79.341534,db,,1,0.4660790000000077,0.9321580000000154
79.807613,b,,2,0.4520559999999705,0.904111999999941
80.25966899999997,b,,3,0.46541100000003155,0.9308220000000631
80.72508,b,,4,0.4674135000000206,0.9348270000000412
81.19249350000003,db,,1,0.4674144999999754,0.9348289999999508
81.659908,b,,2,0.4627399999999966,0.9254799999999932
82.122648,b,,3,0.44537800000000516,0.8907560000000103
82.568026,b,,4,0.49545899999999676,0.9909179999999935
83.063485,db,,1,0.48076900000002354,0.9615380000000471
83.54425400000002,b,,2,0.4794329999999718,0.9588659999999436
84.023687,b,,3,0.4700849999999832,0.9401699999999664
84.49377199999998,b,,4,0.4901175000000251,0.9802350000000501
84.9838895,db,,1,0.4807684999999964,0.9615369999999928
85.464658,b,,2,0.4594009999999997,0.9188019999999995
85.924059,b,,3,0.4981300000000033,0.9962600000000066
86.422189,b,,4,0.45138900000002025,0.9027780000000405
86.87357800000002,db,,1,0.48343899999997575,0.9668779999999515
87.357017,b,,2,0.46875,0.9375
87.825767,b,,3,0.47141999999999484,0.9428399999999897
88.297187,b,,4,0.4794339999999835,0.958867999999967
88.77662099999998,db,,1,0.48010050000002025,0.9602010000000405
89.2567215,b,,2,0.47075250000000324,0.9415050000000065
89.727474,b,,3,0.504807999999997,1.009615999999994
90.232282,b,,4,0.46073599999999715,0.9214719999999943
90.693018,db,,1,0.49278800000000444,0.9855760000000089
91.185806,b,,2,0.47542699999999627,0.9508539999999925
91.661233,b,,3,0.5121524999999991,1.0243049999999982
92.1733855,b,,4,0.4774294999999995,0.954858999999999
92.650815,db,,1,0.5649040000000127,1.1298080000000255
93.215719,b,,2,0.5942829999999901,1.1885659999999802
93.810002,b,,3,0.6707392499999969,1.3414784999999938
94.48074125,b,,4,0.6707392500000111,1.3414785000000222
95.1514805,db,,1,0.5435359999999889,1.0870719999999778
95.6950165,b,,2,0.5094815000000068,1.0189630000000136
96.204498,b,,3,0.4921199999999999,0.9842399999999998
96.696618,b,,4,0.47742999999999824,0.9548599999999965
97.174048,db,,1,0.491453000000007,0.982906000000014
97.665501,b,,2,0.5348549999999932,1.0697099999999864
98.200356,b,,3,0.4747590000000059,0.9495180000000119
98.675115,b,,4,0.4647434999999973,0.9294869999999946
99.1398585,db,,1,0.49812950000000455,0.9962590000000091
99.637988,b,,2,0.49746199999999874,0.9949239999999975
100.13545,b,,3,0.4807689999999951,0.9615379999999902
100.616219,b,,4,0.44270749999999737,0.8854149999999947
101.0589265,db,,1,0.49212049999999863,0.9842409999999973
101.551047,b,,2,0.5068100000000015,1.013620000000003
102.057857,b,,3,0.46340800000000115,0.9268160000000023
102.521265,b,,4,0.5008004999999969,1.0016009999999937
103.0220655,db,,1,0.4927885000000032,0.9855770000000064
103.514854,b,,2,0.4787654999999944,0.9575309999999888
103.9936195,b,,3,0.4560625000000016,0.9121250000000032
104.449682,b,,4,0.5108165000000042,1.0216330000000085
104.9604985,db,,1,0.45673050000000615,0.9134610000000123
105.417229,b,,2,0.4607369999999946,0.9214739999999892
105.877966,b,,3,0.4720879999999994,0.9441759999999988
106.350054,b,,4,0.4760945000000163,0.9521890000000326
106.82614850000002,db,,1,0.43335949999998036,0.8667189999999607
107.259508,b,,2,0.4500529999999969,0.9001059999999939
107.709561,b,,3,0.43936899999999923,0.8787379999999985
108.14893,b,,4,0.4567310000000049,0.9134620000000098
108.605661,db,,1,0.45272400000001767,0.9054480000000353
109.05838500000002,b,,2,0.4273499999999899,0.8546999999999798
109.485735,b,,3,0.4700849999999974,0.9401699999999948
109.95582,b,,4,0.44871700000000203,0.8974340000000041
110.404537,db,,1,0.4780979999999886,0.9561959999999772
110.882635,b,,2,0.48210400000000675,0.9642080000000135
111.364739,b,,3,0.4700849999999974,0.9401699999999948
111.834824,b,,4,0.5215005000000019,1.0430010000000038
112.3563245,db,,1,0.47275600000000395,0.9455120000000079
112.8290805,b,,2,0.4667464999999993,0.9334929999999986
113.295827,b,,3,0.4553949999999958,0.9107899999999916
113.751222,b,,4,0.48477499999999907,0.9695499999999981
114.235997,db,,1,0.4801010000000048,0.9602020000000095
114.716098,b,,2,0.48944899999999336,0.9788979999999867
115.205547,b,,3,0.46274050000000955,0.9254810000000191
115.6682875,b,,4,0.49612649999998837,0.9922529999999767
116.164414,db,,1,0.4493850000000066,0.8987700000000132
116.613799,b,,2,0.4947910000000064,0.9895820000000128
117.10859,b,,3,0.4580659999999881,0.9161319999999762
117.566656,b,,4,0.5555549999999982,1.1111099999999965
118.122211,db,,1,0.5141550000000024,1.0283100000000047
118.636366,b,,2,0.4780979999999886,0.9561959999999772
119.11446399999998,b,,3,0.5114850000000217,1.0229700000000435
119.625949,b,,4,0.4987974999999949,0.9975949999999898
120.1247465,db,,1,0.49812950000000455,0.9962590000000091
120.622876,b,,2,0.4547269999999912,0.9094539999999824
121.077603,b,,3,0.48143699999999967,0.9628739999999993
121.55904,b,,4,0.4827719999999971,0.9655439999999942
122.041812,db,,1,0.48010099999999056,0.9602019999999811
122.52191299999998,b,,2,0.4894490000000218,0.9788980000000436
123.011362,b,,3,0.4827719999999971,0.9655439999999942
123.494134,b,,4,0.4827719999999971,0.9655439999999942
123.976906,db,,1,0.46407550000000697,0.9281510000000139
124.4409815,b,,2,0.4654104999999902,0.9308209999999804
124.906392,b,,3,0.4780980000000028,0.9561960000000056
125.38449,b,,4,0.46875,0.9375
125.85324,db,,1,0.5007999999999981,1.0015999999999963
126.35404,b,,2,0.4700849999999974,0.9401699999999948
126.824125,b,,3,0.4821050000000042,0.9642100000000084
127.30623,b,,4,0.48477450000000033,0.9695490000000007
127.7910045,db,,1,0.4987975000000091,0.9975950000000182
128.289802,b,,2,0.470753000000002,0.941506000000004
128.760555,b,,3,0.4694174999999916,0.9388349999999832
129.2299725,b,,4,0.46273949999999786,0.9254789999999957
129.692712,db,,1,0.4734240000000227,0.9468480000000454
130.16613600000002,b,,2,0.4547269999999912,0.9094539999999824
130.620863,b,,3,0.48210399999999254,0.9642079999999851
131.102967,b,,4,0.44203999999999155,0.8840799999999831
131.545007,db,,1,0.4874460000000056,0.9748920000000112
132.032453,b,,2,0.4807689999999809,0.9615379999999618
132.51322199999998,b,,3,0.4754270000000247,0.9508540000000494
132.988649,b,,4,0.4901169999999695,0.980233999999939
133.47876599999998,db,,1,0.47943300000002864,0.9588660000000573
133.958199,b,,2,0.43135699999999133,0.8627139999999827
134.389556,b,,3,0.4847750000000133,0.9695500000000266
134.874331,b,,4,0.5048069999999711,1.0096139999999423
135.37913799999998,db,,1,0.464743000000027,0.929486000000054
135.843881,b,,2,0.44070500000000834,0.8814100000000167
136.28458600000002,b,,3,0.48611099999996554,0.9722219999999311
136.77069699999998,b,,4,0.49412300000000187,0.9882460000000037
137.26482,db,,1,0.4540590000000293,0.9081180000000586
137.71887900000002,b,,2,0.47409199999998464,0.9481839999999693
138.192971,b,,3,0.4674140000000193,0.9348280000000386
138.66038500000002,b,,4,0.4887814999999591,0.9775629999999182
139.14916649999998,db,,1,0.4914525000000083,0.9829050000000166
139.640619,b,,2,0.4740910000000156,0.9481820000000312
140.11471,b,,3,0.4714209999999923,0.9428419999999846
140.586131,b,,4,0.5194970000000012,1.0389940000000024
141.105628,db,,1,0.48076900000000933,0.9615380000000187
141.586397,b,,2,0.49011699999994107,0.9802339999998821
142.07651399999995,b,,3,0.4647430000000554,0.9294860000001108
142.541257,b,,4,0.45673049999999193,0.9134609999999839
142.9979875,db,,1,0.46607850000000894,0.9321570000000179
143.464066,b,,2,0.45739799999998354,0.9147959999999671
143.921464,b,,3,0.4694170000000213,0.9388340000000426
144.390881,b,,4,0.44738199999994777,0.8947639999998955
144.83826299999996,db,,1,0.47008500000004005,0.9401700000000801
145.308348,b,,2,0.45739849999995386,0.9147969999999077
145.76574649999995,b,,3,0.46674650000005613,0.9334930000001123
146.232493,b,,4,0.4133269999999811,0.8266539999999623
146.64582,db,,1,0.4720880000000136,0.9441760000000272
147.117908,b,,2,0.44003750000004516,0.8800750000000903
147.55794550000005,b,,3,0.4640754999999501,0.9281509999999003
148.022021,b,,4,0.42000450000000455,0.8400090000000091
148.4420255,db,,1,0.486778500000014,0.973557000000028
148.928804,b,,2,0.46875,0.9375
149.397554,b,,3,0.4607359999999403,0.9214719999998806
149.85828999999995,b,,4,0.4660790000000361,0.9321580000000722
150.324369,db,,1,0.5408650000000534,1.0817300000001069
150.86523400000004,b,,2,0.47809799999996017,0.9561959999999203
151.343332,b,,3,0.4954579999999851,0.9909159999999702
151.83879,b,,4,0.7351759999999672,1.4703519999999344
152.57396599999996,db,,1,0.6350150000000383,1.2700300000000766
153.208981,b,,2,0.48677900000001273,0.9735580000000255
153.69576,b,,3,0.5288454999999885,1.057690999999977
154.2246055,b,,4,0.48410749999999325,0.9682149999999865
154.708713,db,,1,0.5141550000000166,1.0283100000000331
155.222868,b,,2,0.48344000000000165,0.9668800000000033
155.706308,b,,3,0.510149000000041,1.020298000000082
156.21645700000005,b,,4,0.4801009999999053,0.9602019999998106
156.69655799999995,db,,1,0.5108170000000598,1.0216340000001196
157.207375,b,,2,0.47409099999998716,0.9481819999999743
157.681466,b,,3,0.4854429999999752,0.9708859999999504
158.16690899999998,b,,4,0.4427080000000103,0.8854160000000206
158.609617,db,,1,0.4994650000000149,0.9989300000000298
159.109082,b,,2,0.4887819999999863,0.9775639999999726
159.597864,b,,3,0.4967940000000226,0.9935880000000452
160.094658,b,,4,0.47409199999998464,0.9481839999999693
160.56875,db,,1,0.4540590000000009,0.9081180000000018
161.022809,b,,2,0.491453000000007,0.982906000000014
161.514262,b,,3,0.4794330000000002,0.9588660000000004
161.993695,b,,4,0.5088134999999454,1.0176269999998908
162.50250849999995,db,,1,0.5074780000000487,1.0149560000000974
163.0099865,b,,2,0.5028039999999976,1.0056079999999952
163.5127905,b,,3,0.48611099999999396,0.9722219999999879
163.9989015,b,,4,0.5088130000000604,1.0176260000001207
164.50771450000005,db,,1,0.5028044999999395,1.005608999999879
165.010519,b,,2,0.48744600000006244,0.9748920000001249
165.49796500000005,b,,3,0.4740914999999575,0.948182999999915
165.9720565,b,,4,0.46474249999999984,0.9294849999999997
166.436799,db,,1,0.48076900000003775,0.9615380000000755
166.91756800000005,b,,2,0.4747594999999478,0.9495189999998956
167.3923275,b,,3,0.5141549999999597,1.0283099999999195
167.90648249999995,b,,4,0.6563835000000608,1.3127670000001217
168.562866,db,,1,0.6336794999999427,1.2673589999998853
169.19654549999996,b,,2,0.49479100000004905,0.9895820000000981
169.6913365,b,,3,0.48010099999999056,0.9602019999999811
170.1714375,b,,4,0.48410749999999325,0.9682149999999865
170.655545,db,,1,0.49946550000001366,0.9989310000000273
171.1550105,b,,2,0.43936949999999797,0.8787389999999959
171.59438,b,,3,0.49412300000000187,0.9882460000000037
172.088503,b,,4,0.49145249999995144,0.9829049999999029
172.57995549999995,db,,1,0.49412399999999934,0.9882479999999987
173.07407949999995,b,,2,0.4727555000000905,0.945511000000181
173.54683500000004,b,,3,0.4881139999999107,0.9762279999998213
174.03494899999995,b,,4,0.4907850000000451,0.9815700000000902
174.525734,db,,1,0.498128999999949,0.996257999999898
175.02386299999995,b,,2,0.4647440000000529,0.9294880000001058
175.488607,b,,3,0.5488770000000045,1.097754000000009
176.037484,b,,4,0.5368584999999939,1.0737169999999878
176.5743425,db,,1,0.4734239999999943,0.9468479999999886
177.0477665,b,,2,0.4787655000000086,0.9575310000000172
177.526532,b,,3,0.49212049999999863,0.9842409999999973
178.0186525,b,,4,0.476094000000046,0.952188000000092
178.49474650000005,db,,1,0.46273999999993976,0.9254799999998795
178.9574865,b,,2,0.4600690000000043,0.9201380000000086
179.4175555,b,,3,0.4941235000000006,0.9882470000000012
179.911679,b,,4,0.47542699999999627,0.9508539999999925
180.387106,db,,1,0.4687490000000025,0.937498000000005
180.855855,b,,2,0.5128200000000049,1.0256400000000099
181.368675,b,,3,0.4660790000000077,0.9321580000000154
181.834754,b,,4,0.4981300000000033,0.9962600000000066
182.332884,db,,1,0.49412300000000187,0.9882460000000037
182.827007,b,,2,0.48210499999999,0.96420999999998
183.309112,b,,3,0.5221679999999935,1.044335999999987
183.83128,b,,4,0.6249990000000025,1.249998000000005
184.456279,db,,1,0.5381940000000043,1.0763880000000086
184.994473,b,,2,0.48811399999999594,0.9762279999999919
185.482587,b,,3,0.5401970000000063,1.0803940000000125
186.022784,b,,4,0.5241714999999942,1.0483429999999885
186.5469555,db,,1,0.486778500000014,0.973557000000028
187.033734,b,,2,0.4627399999999966,0.9254799999999932
187.496474,b,,3,0.4801010000000474,0.9602020000000948
187.97657500000005,b,,4,0.5301809999999421,1.0603619999998841
188.506756,db,,1,0.5208330000000103,1.0416660000000206
189.027589,b,,2,0.4627399999999966,0.9254799999999932
189.490329,b,,3,0.49479049999999347,0.9895809999999869
189.9851195,b,,4,0.43202450000001136,0.8640490000000227
190.417144,db,,1,0.5128200000000049,1.0256400000000099
190.929964,b,,2,0.4654104999999902,0.9308209999999804
191.3953745,b,,3,0.4714209999999923,0.9428419999999846
191.8667955,b,,4,0.5368584999999939,1.0737169999999878
192.403654,db,,1,0.4861100000000249,0.9722200000000498
192.889764,b,,2,0.477430499999997,0.954860999999994
193.3671945,b,,3,0.4787654999999802,0.9575309999999604
193.84596,b,,4,0.5288460000000157,1.0576920000000314
194.374806,db,,1,0.46207200000000626,0.9241440000000125
194.836878,b,,2,0.4687489999999741,0.9374979999999482
195.305627,b,,3,0.47008500000001163,0.9401700000000233
195.775712,b,,4,0.5021370000000047,1.0042740000000094
196.277849,db,,1,0.4500529999999969,0.9001059999999939
196.727902,b,,2,0.4674139999999909,0.9348279999999818
197.195316,b,,3,0.4433750000000032,0.8867500000000064
197.638691,b,,4,0.49412399999999934,0.9882479999999987
198.132815,db,,1,0.4540590000000009,0.9081180000000018
198.586874,b,,2,0.5348554999999919,1.0697109999999839
199.1217295,b,,3,0.4774294999999995,0.954858999999999
199.599159,b,,4,0.49278800000001866,0.9855760000000373
200.091947,db,,1,0.45272399999998925,0.9054479999999785
200.544671,b,,2,0.4887820000000147,0.9775640000000294
201.033453,b,,3,0.44203999999999155,0.8840799999999831
201.475493,b,,4,0.446046999999993,0.892093999999986
201.92154,db,,1,0.5101490000000126,1.0202980000000252
202.431689,b,,2,0.4794330000000002,0.9588660000000004
202.911122,b,,3,0.43269200000000296,0.8653840000000059
203.343814,b,,4,0.44137249999999995,0.8827449999999999
203.7851865,db,,1,0.4680814999999825,0.936162999999965
204.253268,b,,2,0.478098000000017,0.956196000000034
204.731366,b,,3,0.4473820000000046,0.8947640000000092
205.178748,b,,4,0.4901169999999979,0.9802339999999958
205.668865,db,,1,0.4407049999999799,0.8814099999999598
206.10957,b,,2,0.45806500000000483,0.9161300000000097
206.567635,b,,3,0.47409200000001306,0.9481840000000261
207.041727,b,,4,0.4647429999999986,0.9294859999999971
207.50647,db,,1,0.4647429999999986,0.9294859999999971
207.971213,b,,2,0.47141999999999484,0.9428399999999897
208.442633,b,,3,0.4500529999999969,0.9001059999999939
208.892686,b,,4,0.44738250000000335,0.8947650000000067
209.3400685,db,,1,0.4714204999999936,0.9428409999999872
209.811489,b,,2,0.4647429999999986,0.9294859999999971
210.276232,b,,3,0.45539450000001125,0.9107890000000225
210.7316265,b,,4,0.48744650000000433,0.9748930000000087
211.219073,db,,1,0.46407549999997855,0.9281509999999571
211.6831485,b,,2,0.4727555000000052,0.9455110000000104
212.155904,b,,3,0.4553950000000384,0.9107900000000768
212.61129900000003,b,,4,0.4854429999999752,0.9708859999999504
213.096742,db,,1,0.46340799999998694,0.9268159999999739
213.56015,b,,2,0.448717500000015,0.89743500000003
214.0088675,b,,3,0.45806550000000357,0.9161310000000071
214.466933,b,,4,0.46875,0.9375
214.935683,db,,1,0.4874459999999772,0.9748919999999544
215.423129,b,,2,0.4413720000000012,0.8827440000000024
215.864501,b,,3,0.4720880000000136,0.9441760000000272
216.336589,b,,4,0.4634074999999882,0.9268149999999764
216.7999965,db,,1,0.46874950000000126,0.9374990000000025
217.268746,b,,2,0.4353629999999953,0.8707259999999906
217.704109,b,,3,0.5301809999999989,1.0603619999999978
218.23429,b,,4,0.42801800000000867,0.8560360000000173
218.662308,db,,1,0.47742999999999824,0.9548599999999965
219.139738,b,,2,0.4453785000000039,0.8907570000000078
219.5851165,b,,3,0.46407550000000697,0.9281510000000139
220.049192,b,,4,0.46941750000004845,0.9388350000000969
220.51860950000005,db,,1,0.4660784999999521,0.9321569999999042
220.984688,b,,2,0.4600690000000043,0.9201380000000086
221.444757,b,,3,0.4587334999999939,0.9174669999999878
221.9034905,b,,4,0.49545899999998255,0.9909179999999651
222.3989495,db,,1,0.47075250000000324,0.9415050000000065
222.869702,b,,2,0.45405999999999835,0.9081199999999967
223.323762,b,,3,0.45472700000004806,0.9094540000000961
223.77848900000004,b,,4,0.4854429999999752,0.9708859999999504
224.263932,db,,1,0.4687490000000025,0.937498000000005
224.732681,b,,2,0.45673099999999067,0.9134619999999813
225.189412,b,,3,0.45072049999998853,0.9014409999999771
225.6401325,b,,4,0.46874950000000126,0.9374990000000025
226.108882,db,,1,0.4507210000000157,0.9014420000000314
226.559603,b,,2,0.47141999999999484,0.9428399999999897
227.031023,b,,3,0.4433760000000291,0.8867520000000582
227.47439900000003,b,,4,0.4527239999999608,0.9054479999999216
227.927123,db,,1,0.4460459999999955,0.892091999999991
228.373169,b,,2,0.45539500000001,0.91079000000002
228.828564,b,,3,0.43269200000000296,0.8653840000000059
229.261256,b,,4,0.5068100000000015,1.013620000000003
229.768066,db,,1,0.4747590000000059,0.9495180000000119
230.242825,b,,2,0.4827724999999816,0.9655449999999632
230.7255975,b,,3,0.5068105000000003,1.0136210000000005
231.232408,b,,4,0.5088130000000035,1.017626000000007
231.741221,db,,1,0.46875,0.9375
232.209971,b,,2,0.4647429999999986,0.9294859999999971
232.674714,b,,3,0.46207200000000626,0.9241440000000125
233.136786,b,,4,0.48076900000000933,0.9615380000000187
233.617555,db,,1,0.4981300000000033,0.9962600000000066
234.115685,b,,2,0.46073599999999715,0.9214719999999943
234.576421,b,,3,0.45539499999998156,0.9107899999999631
235.031816,b,,4,0.4647429999999986,0.9294859999999971
235.496559,db,,1,0.47008500000001163,0.9401700000000233
235.966644,b,,2,0.4487179999999853,0.8974359999999706
236.415362,b,,3,0.47275600000000395,0.9455120000000079
236.888118,b,,4,0.4500524999999982,0.9001049999999964
237.3381705,db,,1,0.45873350000002233,0.9174670000000447
237.796904,b,,2,0.4607369999999946,0.9214739999999892
238.257641,b,,3,0.4520560000000273,0.9041120000000546
238.70969700000003,b,,4,0.49812999999997487,0.9962599999999497
239.207827,db,,1,0.46875,0.9375
239.676577,b,,2,0.5034709999999905,1.006941999999981
240.180048,b,,3,0.4767630000000054,0.9535260000000108
240.656811,b,,4,0.5889410000000055,1.177882000000011
241.245752,db,,1,0.5061429999999802,1.0122859999999605
241.751895,b,,2,0.45272400000001767,0.9054480000000353
242.204619,b,,3,0.45005300000002535,0.9001060000000507
242.65467200000003,b,,4,0.5949509999999805,1.189901999999961
243.249623,db,,1,0.5188299999999799,1.0376599999999598
243.768453,b,,2,0.4473820000000046,0.8947640000000092
244.215835,b,,3,0.42200800000000527,0.8440160000000105
244.637843,b,,4,0.4567299999999932,0.9134599999999864
245.094573,db,,1,0.4433760000000291,0.8867520000000582
245.53794900000003,b,,2,0.48477499999998486,0.9695499999999697
246.022724,b,,3,0.5729159999999922,1.1458319999999844
246.59564,b,,4,0.7138080000000002,1.4276160000000004
247.309448,db,,1,0.5041400000000067,1.0082800000000134
247.813588,b,,2,0.4887809999999888,0.9775619999999776
248.302369,b,,3,0.4847750000000133,0.9695500000000266
248.787144,b,,4,0.4874459999999772,0.9748919999999544
249.27459,db,,1,0.49278800000001866,0.9855760000000373
249.767378,b,,2,0.47542699999999627,0.9508539999999925
250.242805,b,,3,0.4961270000000013,0.9922540000000026
250.738932,b,,4,0.47876600000000735,0.9575320000000147
251.217698,db,,1,0.5114839999999958,1.0229679999999917
251.729182,b,,2,0.48143650000000093,0.9628730000000019
252.2106185,b,,3,0.49746249999998327,0.9949249999999665
252.708081,b,,4,0.4941235000000006,0.9882470000000012
253.2022045,db,,1,0.4994645000000162,0.9989290000000324
253.701669,b,,2,0.5154909999999973,1.0309819999999945
254.21716,b,,3,0.5194975000000284,1.0389950000000567
254.73665750000004,b,,4,0.5141554999999585,1.028310999999917
255.250813,db,,1,0.5929480000000069,1.1858960000000138
255.843761,b,,2,0.6850960000000157,1.3701920000000314
