time,info,metrics,beat_number,duration,relative duration
2.063299,db,4/4,1,0.5248394999999997,1.0496789999999994
2.5881385,b,,2,0.4453790000000004,0.8907580000000008
3.0335175000000003,b,,3,0.4346945,0.869389
3.4682120000000003,b,,4,0.40865399999999985,0.8173079999999997
3.876866,db,,1,0.4620719999999996,0.9241439999999992
4.338938,b,,2,0.4306884999999987,0.8613769999999974
4.769626499999998,b,,3,0.44471150000000126,0.8894230000000025
5.214338,b,,4,0.43870149999999875,0.8774029999999975
5.653039499999998,db,,1,0.4313565000000015,0.862713000000003
6.084396,b,,2,0.44537850000000034,0.8907570000000007
6.5297745,b,,3,0.4113239999999996,0.8226479999999992
6.9410985,b,,4,0.4146630000000018,0.8293260000000036
7.355761500000002,db,,1,0.458733999999998,0.917467999999996
7.8144955,b,,2,0.4533915000000004,0.9067830000000008
8.267887,b,,3,0.4313559999999992,0.8627119999999984
8.699243,b,,4,0.42067350000000125,0.8413470000000025
9.1199165,db,,1,0.4393684999999987,0.8787369999999974
9.559285,b,,2,0.4513890000000007,0.9027780000000014
10.010674,b,,3,0.44871750000000077,0.8974350000000015
10.4593915,b,,4,0.4353625000000001,0.8707250000000002
10.894754,db,,1,0.4660789999999988,0.9321579999999976
11.360833,b,,2,0.4647430000000021,0.9294860000000043
11.825576000000002,b,,3,0.42067249999999845,0.8413449999999969
12.2462485,b,,4,0.4553945000000006,0.9107890000000012
12.701643,db,,1,0.4707530000000002,0.9415060000000004
13.172396,b,,2,0.44003699999999846,0.8800739999999969
13.612433,b,,3,0.42401150000000243,0.8480230000000049
14.036444500000002,b,,4,0.4159984999999988,0.8319969999999977
14.452443,db,,1,0.42601399999999856,0.8520279999999971
14.878457,b,,2,0.46274000000000015,0.9254800000000003
15.341197,b,,3,0.4106569999999987,0.8213139999999974
15.751853999999998,b,,4,0.5635680000000036,1.1271360000000072
16.315422,db,,1,0.4847744999999968,0.9695489999999936
16.8001965,b,,2,0.4527245000000022,0.9054490000000044
17.252921,b,,3,0.3926274999999997,0.7852549999999994
17.6455485,b,,4,0.430021,0.860042
18.0755695,db,,1,0.45673049999999904,0.9134609999999981
18.5323,b,,2,0.46607850000000184,0.9321570000000037
18.9983785,b,,3,0.4407049999999977,0.8814099999999954
19.4390835,b,,4,0.43469450000000265,0.8693890000000053
19.873778,db,,1,0.45673049999999904,0.9134609999999981
20.3305085,b,,2,0.4326919999999994,0.8653839999999988
20.7632005,b,,3,0.40464700000000065,0.8092940000000013
21.1678475,b,,4,0.4734234999999991,0.9468469999999982
21.641271,db,,1,0.4153310000000019,0.8306620000000038
22.056602,b,,2,0.45138849999999664,0.9027769999999933
22.5079905,b,,3,0.4340275000000027,0.8680550000000054
22.942018,b,,4,0.41466299999999734,0.8293259999999947
23.356681,db,,1,0.4093205000000033,0.8186410000000066
23.7660015,b,,2,0.44003749999999897,0.8800749999999979
24.206039,b,,3,0.4233434999999979,0.8466869999999957
24.6293825,b,,4,0.42601450000000085,0.8520290000000017
25.055397,db,,1,0.44805000000000206,0.8961000000000041
25.503447,b,,2,0.44337549999999837,0.8867509999999967
25.9468225,b,,3,0.4387015000000005,0.877403000000001
26.385524,b,,4,0.42668199999999956,0.8533639999999991
26.812206,db,,1,0.4527239999999999,0.9054479999999998
27.26493,b,,2,0.42735000000000056,0.8547000000000011
27.69228,b,,3,0.41199200000000147,0.8239840000000029
28.104272,b,,4,0.4113244999999992,0.8226489999999984
28.5155965,db,,1,0.44471100000000874,0.8894220000000175
28.96030750000001,b,,2,0.43669849999999144,0.8733969999999829
29.397006,b,,3,0.4313564999999997,0.8627129999999994
29.8283625,b,,4,0.4694174999999987,0.9388349999999974
30.29778,db,,1,0.44871700000000203,0.8974340000000041
30.746497,b,,2,0.41599849999999705,0.8319969999999941
31.1624955,b,,3,0.4333595000000017,0.8667190000000033
31.595855,b,,4,0.4460470000000001,0.8920940000000002
32.041902,db,,1,0.45339100000000343,0.9067820000000069
32.495293000000004,b,,2,0.41666649999999095,0.8333329999999819
32.911959499999995,b,,3,0.45539500000001,0.91079000000002
33.367354500000005,b,,4,0.44003649999999794,0.8800729999999959
33.807391,db,,1,0.4380339999999947,0.8760679999999894
34.245425,b,,2,0.4300215000000023,0.8600430000000046
34.6754465,b,,3,0.40464649999999835,0.8092929999999967
35.080093,b,,4,0.4627400000000037,0.9254800000000074
35.542833,db,,1,0.3879540000000006,0.7759080000000012
35.930787,b,,2,0.4500529999999969,0.9001059999999939
36.38084,b,,3,0.40865300000000104,0.8173060000000021
36.789493,b,,4,0.4487179999999995,0.897435999999999
37.238211,db,,1,0.38862100000000055,0.7772420000000011
37.626832,b,,2,0.42067300000000074,0.8413460000000015
38.047505,b,,3,0.4366979999999998,0.8733959999999996
38.484203,b,,4,0.417334000000011,0.834668000000022
38.90153700000001,db,,1,0.479432999999986,0.958865999999972
39.38097,b,,2,0.5028045000000034,1.0056090000000069
39.8837745,b,,3,0.44871750000000077,0.8974350000000015
40.332492,b,,4,0.41800099999999674,0.8360019999999935
40.750493,db,,1,0.4260149999999996,0.8520299999999992
41.176508,b,,2,0.4473820000000046,0.8947640000000092
41.62389,b,,3,0.37793800000000033,0.7558760000000007
42.001828,b,,4,0.426013999999995,0.85202799999999
42.427842,db,,1,0.42334400000000016,0.8466880000000003
42.851186,b,,2,0.4180020000000013,0.8360040000000026
43.269188,b,,3,0.40731699999999904,0.8146339999999981
43.676505,b,,4,0.4086534999999998,0.8173069999999996
44.0851585,db,,1,0.43402800000000497,0.8680560000000099
44.5191865,b,,2,0.4233434999999943,0.8466869999999886
44.94253,b,,3,0.38995700000000255,0.7799140000000051
45.332487,b,,4,0.4133275000000012,0.8266550000000024
45.7458145,db,,1,0.3946304999999981,0.7892609999999962
46.140445,b,,2,0.41132499999999794,0.8226499999999959
46.55177,b,,3,0.4073180000000036,0.8146360000000072
46.959088,b,,4,0.4233429999999956,0.8466859999999912
47.382431,db,,1,0.41399600000000447,0.8279920000000089
47.796427,b,,2,0.43803299999999723,0.8760659999999945
48.23446,b,,3,0.40998900000000305,0.8199780000000061
48.644449,b,,4,0.4106570000000005,0.821314000000001
49.055106,db,,1,0.42134049999999945,0.8426809999999989
49.4764465,b,,2,0.4126594999999966,0.8253189999999933
49.889106,b,,3,0.42200800000000527,0.8440160000000105
50.311114,b,,4,0.40531500000000875,0.8106300000000175
50.71642900000001,db,,1,0.44203999999998445,0.8840799999999689
51.158469,b,,2,0.424011500000006,0.848023000000012
51.5824805,b,,3,0.4033114999999938,0.8066229999999877
51.985792,b,,4,0.43402750000000623,0.8680550000000125
52.4198195,db,,1,0.4380335000000102,0.8760670000000204
52.85785300000001,b,,2,0.4246794999999892,0.8493589999999784
53.2825325,b,,3,0.38194399999999007,0.7638879999999801
53.66447649999999,b,,4,0.40865300000001525,0.8173060000000305
54.07312950000001,db,,1,0.4193375000000046,0.8386750000000092
54.49246700000001,b,,2,0.3832789999999946,0.7665579999999892
54.87574600000001,b,,3,0.4427079999999961,0.8854159999999922
55.318454,b,,4,0.41199249999999665,0.8239849999999933
55.7304465,db,,1,0.4099884999999972,0.8199769999999944
56.140435,b,,2,0.4073180000000036,0.8146360000000072
56.547753,b,,3,0.3872860000000031,0.7745720000000063
56.935039,b,,4,0.42067299999999364,0.8413459999999873
57.355712,db,,1,0.4180015000000026,0.8360030000000052
57.7737135,b,,2,0.4006405000000015,0.801281000000003
58.174354,b,,3,0.4226759999999956,0.8453519999999912
58.59703,b,,4,0.39730199999999627,0.7946039999999925
58.99433199999999,db,,1,0.4126600000000096,0.8253200000000191
59.406992,b,,2,0.4033110000000093,0.8066220000000186
59.81030300000001,b,,3,0.3131674999999916,0.6263349999999832
60.1234705,b,,4,0.5215009999999936,1.043001999999987
60.6449715,db,,1,0.39529849999999556,0.7905969999999911
61.04026999999999,b,,2,0.38862200000001934,0.7772440000000387
61.42889200000001,b,,3,0.38928849999998505,0.7785769999999701
61.8181805,b,,4,0.43202450000000425,0.8640490000000085
62.250205,db,,1,0.3966339999999988,0.7932679999999976
62.646839,b,,2,0.3939629999999994,0.7879259999999988
63.040802,b,,3,0.40464750000000294,0.8092950000000059
63.4454495,b,,4,0.4059819999999945,0.811963999999989
63.8514315,db,,1,0.4019764999999964,0.8039529999999928
64.253408,b,,2,0.392628000000002,0.785256000000004
64.646036,b,,3,0.40598250000000746,0.8119650000000149
65.0520185,b,,4,0.4220074999999923,0.8440149999999846
65.474026,db,,1,0.3966350000000034,0.7932700000000068
65.870661,b,,2,0.4226754999999969,0.8453509999999937
66.2933365,b,,3,0.3599085000000031,0.7198170000000061
66.653245,b,,4,0.3939639999999969,0.7879279999999937
67.047209,db,,1,0.4113240000000076,0.8226480000000151
67.458533,b,,2,0.4333595000000088,0.8667190000000176
67.89189250000001,b,,3,0.4480494999999962,0.8960989999999924
68.33994200000001,b,,4,0.40331199999999967,0.8066239999999993
68.74325400000001,db,,1,0.3952989999999943,0.7905979999999886
69.138553,b,,2,0.4273500000000041,0.8547000000000082
69.565903,b,,3,0.3926270000000045,0.785254000000009
69.95853000000001,b,,4,0.42601499999996406,0.8520299999999281
70.38454499999997,db,,1,0.4153310000000232,0.8306620000000464
70.799876,b,,2,0.424679000000026,0.849358000000052
71.22455500000002,b,,3,0.4073179999999752,0.8146359999999504
71.631873,b,,4,0.41266000000000247,0.8253200000000049
72.044533,db,,1,0.4246789999999976,0.8493579999999952
72.469212,b,,2,0.42200799999997685,0.8440159999999537
72.89121999999998,b,,3,0.4220080000000479,0.8440160000000958
73.31322800000002,b,,4,0.4180020000000013,0.8360040000000026
73.73123000000002,db,,1,0.4320239999999984,0.8640479999999968
74.16325400000002,b,,2,0.42601449999997953,0.8520289999999591
74.5892685,b,,3,0.4253465000000034,0.8506930000000068
75.014615,b,,4,0.45272399999998925,0.9054479999999785
75.467339,db,,1,0.4300209999999822,0.8600419999999644
75.89735999999998,b,,2,0.4260150000000209,0.8520300000000418
76.323375,b,,3,0.4460459999999955,0.892091999999991
76.769421,b,,4,0.44137250000002837,0.8827450000000567
77.21079350000002,db,,1,0.425346499999975,0.85069299999995
77.63614,b,,2,0.41399599999999737,0.8279919999999947
78.050136,b,,3,0.45806500000000483,0.9161300000000097
78.508201,b,,4,0.42200900000000274,0.8440180000000055
78.93021,db,,1,0.45405899999997246,0.9081179999999449
79.38426899999997,b,,2,0.4206730000000505,0.841346000000101
79.80494200000003,b,,3,0.4553939999999699,0.9107879999999398
80.260336,b,,4,0.42200900000000274,0.8440180000000055
80.682345,db,,1,0.44404300000000774,0.8880860000000155
81.126388,b,,2,0.4366979999999927,0.8733959999999854
81.563086,b,,3,0.460069500000003,0.920139000000006
82.0231555,b,,4,0.43536250000001075,0.8707250000000215
82.45851800000001,db,,1,0.46006899999999007,0.9201379999999801
82.918587,b,,2,0.4320239999999984,0.8640479999999968
83.350611,b,,3,0.43936949999999797,0.8787389999999959
83.7899805,b,,4,0.4500524999999982,0.9001049999999964
84.240033,db,,1,0.4981300000000033,0.9962600000000066
84.738163,b,,2,0.5702449999999999,1.1404899999999998
85.308408,b,,3,0.6366847500000006,1.2733695000000012
85.94509275,b,,4,0.6366847500000006,1.2733695000000012
86.5817775,db,,1,0.5682425000000109,1.1364850000000217
87.15002000000001,b,,2,0.42401099999999303,0.8480219999999861
87.574031,b,,3,0.4567299999999932,0.9134599999999864
88.030761,b,,4,0.4407049999999799,0.8814099999999598
88.47146599999998,db,,1,0.4447110000000265,0.889422000000053
88.916177,b,,2,0.44871749999997235,0.8974349999999447
89.36489449999998,b,,3,0.4373660000000257,0.8747320000000514
89.8022605,b,,4,0.49278799999999023,0.9855759999999805
90.2950485,db,,1,0.43669850000000565,0.8733970000000113
90.731747,b,,2,0.4166660000000064,0.8333320000000128
91.148413,b,,3,0.4553949999999958,0.9107899999999916
91.603808,b,,4,0.4019760000000048,0.8039520000000095
92.005784,db,,1,0.4620724999999908,0.9241449999999816
92.4678565,b,,2,0.4393685000000005,0.878737000000001
92.907225,b,,3,0.4420405000000045,0.884081000000009
93.3492655,b,,4,0.4286855000000003,0.8573710000000005
93.777951,db,,1,0.4333599999999933,0.8667199999999866
94.211311,b,,2,0.43736600000001147,0.8747320000000229
94.648677,b,,3,0.41265999999998826,0.8253199999999765
95.061337,b,,4,0.4594009999999997,0.9188019999999995
95.520738,db,,1,0.4086534999999998,0.8173069999999996
95.9293915,b,,2,0.4340274999999991,0.8680549999999982
96.363419,b,,3,0.43335900000001004,0.8667180000000201
96.796778,b,,4,0.42334400000000016,0.8466880000000003
97.220122,db,,1,0.4200050000000033,0.8400100000000066
97.640127,b,,2,0.40063999999999567,0.8012799999999913
98.040767,b,,3,0.405982999999992,0.811965999999984
98.44675,b,,4,0.41266000000000247,0.8253200000000049
98.85941,db,,1,0.4260140000000092,0.8520280000000184
99.285424,b,,2,0.38995699999999545,0.7799139999999909
99.675381,b,,3,0.4180020000000013,0.8360040000000026
100.093383,b,,4,0.41132399999999336,0.8226479999999867
100.504707,db,,1,0.46340800000000115,0.9268160000000023
100.968115,b,,2,0.466077999999996,0.932155999999992
101.434193,b,,3,0.4260150000000067,0.8520300000000134
101.860208,b,,4,0.4801010000000048,0.9602020000000095
102.340309,db,,1,0.41800149999998837,0.8360029999999767
102.7583105,b,,2,0.4440435000000065,0.888087000000013
103.202354,b,,3,0.42668199999999956,0.8533639999999991
103.629036,b,,4,0.430689000000001,0.861378000000002
104.059725,db,,1,0.424011500000006,0.848023000000012
104.4837365,b,,2,0.42401149999999177,0.8480229999999835
104.907748,b,,3,0.4340270000000004,0.8680540000000008
105.341775,b,,4,0.44070500000000834,0.8814100000000167
105.78248,db,,1,0.42668199999999956,0.8533639999999991
106.209162,b,,2,0.4400369999999896,0.8800739999999792
106.649199,b,,3,0.4213400000000007,0.8426800000000014
107.070539,b,,4,0.42935400000000357,0.8587080000000071
107.499893,db,,1,0.4687490000000025,0.937498000000005
107.968642,b,,2,0.4594009999999997,0.9188019999999995
108.428043,b,,3,0.43135699999999133,0.8627139999999827
108.8594,b,,4,0.4861100000000107,0.9722200000000214
109.34551,db,,1,0.42334400000000016,0.8466880000000003
109.768854,b,,2,0.43936899999999923,0.8787379999999985
110.208223,b,,3,0.4180020000000013,0.8360040000000026
110.626225,b,,4,0.4366979999999927,0.8733959999999854
111.062923,db,,1,0.4353629999999953,0.8707259999999906
111.498286,b,,2,0.4180020000000013,0.8360040000000026
111.916288,b,,3,0.42000449999999034,0.8400089999999807
112.33629249999998,b,,4,0.4253465000000176,0.8506930000000352
112.761639,db,,1,0.41466300000000444,0.8293260000000089
113.176302,b,,2,0.4640759999999915,0.928151999999983
113.640378,b,,3,0.4206724999999949,0.8413449999999898
114.0610505,b,,4,0.4433755000000019,0.8867510000000038
114.504426,db,,1,0.4647429999999986,0.9294859999999971
114.969169,b,,2,0.5034719999999879,1.0069439999999759
115.47264099999998,b,,3,0.40598200000002294,0.8119640000000459
115.878623,b,,4,0.508814000000001,1.017628000000002
116.387437,db,,1,0.4286855000000003,0.8573710000000005
116.8161225,b,,2,0.4513884999999931,0.9027769999999862
117.267511,b,,3,0.4200050000000033,0.8400100000000066
117.687516,b,,4,0.41599800000000187,0.8319960000000037
118.103514,db,,1,0.43002099999999643,0.8600419999999929
118.533535,b,,2,0.4567310000000049,0.9134620000000098
118.990266,b,,3,0.42868500000000154,0.8573700000000031
119.418951,b,,4,0.4180019999999871,0.8360039999999742
119.836953,db,,1,0.42668199999999956,0.8533639999999991
120.263635,b,,2,0.4413730000000129,0.8827460000000258
120.705008,b,,3,0.4306879999999893,0.8613759999999786
121.135696,b,,4,0.4720879999999994,0.9441759999999988
121.607784,db,,1,0.41266000000000247,0.8253200000000049
122.020444,b,,2,0.43002099999999643,0.8600419999999929
122.450465,b,,3,0.40998900000001015,0.8199780000000203
122.860454,b,,4,0.46340800000000115,0.9268160000000023
123.323862,db,,1,0.4233429999999885,0.846685999999977
123.747205,b,,2,0.43269200000000296,0.8653840000000059
124.179897,b,,3,0.4366980000000069,0.8733960000000138
124.616595,b,,4,0.44204100000000324,0.8840820000000065
125.058636,db,,1,0.4340269999999862,0.8680539999999723
125.492663,b,,2,0.4246790000000118,0.8493580000000236
125.917342,b,,3,0.48210399999999254,0.9642079999999851
126.399446,b,,4,0.4326925000000017,0.8653850000000034
126.8321385,db,,1,0.44871750000000077,0.8974350000000015
127.280856,b,,2,0.41933699999999874,0.8386739999999975
127.700193,b,,3,0.44070499999999413,0.8814099999999883
128.140898,b,,4,0.5034709999999905,1.006941999999981
128.64436899999998,db,,1,0.4233440000000144,0.8466880000000288
129.067713,b,,2,0.44337550000003034,0.8867510000000607
129.51108850000003,b,,3,0.42734949999996275,0.8546989999999255
129.938438,b,,4,0.41666649999999095,0.8333329999999819
130.35510449999998,db,,1,0.440704500000038,0.881409000000076
130.79580900000002,b,,2,0.41866999999996324,0.8373399999999265
131.21447899999998,b,,3,0.4213400000000149,0.8426800000000298
131.635819,b,,4,0.43469500000000494,0.8693900000000099
132.070514,db,,1,0.41866999999999166,0.8373399999999833
132.489184,b,,2,0.44337550000003034,0.8867510000000607
132.93255950000002,b,,3,0.4647434999999689,0.9294869999999378
133.397303,b,,4,0.39596599999998716,0.7919319999999743
133.79326899999998,db,,1,0.4387010000000089,0.8774020000000178
134.23197,b,,2,0.422008500000004,0.844017000000008
134.6539785,b,,3,0.408653500000014,0.817307000000028
135.062632,b,,4,0.4387015000000076,0.8774030000000153
135.50133350000002,db,,1,0.41199249999999665,0.8239849999999933
135.913326,b,,2,0.4767619999999795,0.953523999999959
136.390088,b,,3,0.4273499999999899,0.8546999999999798
136.81743799999998,b,,4,0.5368580000000236,1.0737160000000472
137.354296,db,,1,0.6971149999999966,1.3942299999999932
138.051411,b,,2,0.3872859999999889,0.7745719999999778
138.438697,b,,3,0.37927300000001196,0.7585460000000239
138.81797,b,,4,0.5729160000000206,1.1458320000000413
139.39088600000002,db,,1,0.6784184999999638,1.3568369999999277
140.0693045,b,,2,0.44404300000002195,0.8880860000000439
140.5133475,b,,3,0.4587334999999939,0.9174669999999878
140.972081,b,,4,0.4193369999999845,0.838673999999969
141.391418,db,,1,0.4500529999999685,0.900105999999937
141.84147099999996,b,,2,0.4560630000000572,0.9121260000001143
142.297534,b,,3,0.4440429999999935,0.888085999999987
142.741577,b,,4,0.47008500000004005,0.9401700000000801
143.21166200000005,db,,1,0.4787659999999505,0.957531999999901
143.690428,b,,2,0.42534700000001635,0.8506940000000327
144.115775,b,,3,0.4300204999999835,0.860040999999967
144.5457955,b,,4,0.4113245000000063,0.8226490000000126
144.95712,db,,1,0.46340799999998694,0.9268159999999739
145.420528,b,,2,0.4353619999999978,0.8707239999999956
145.85589,b,,3,0.453392000000008,0.906784000000016
146.309282,b,,4,0.43736650000005284,0.8747330000001057
146.74664850000005,db,,1,0.4286855000000003,0.8573710000000005
147.17533400000005,b,,2,0.4620719999999494,0.9241439999998988
147.637406,b,,3,0.4467139999999574,0.8934279999999148
148.08411999999996,b,,4,0.4847750000000417,0.9695500000000834
148.568895,db,,1,0.529514000000006,1.059028000000012
149.098409,b,,2,0.4587329999999952,0.9174659999999903
149.557142,b,,3,0.41399549999999863,0.8279909999999973
149.9711375,b,,4,0.45739800000001196,0.9147960000000239
150.4285355,db,,1,0.5008004999999969,1.0016009999999937
150.929336,b,,2,0.4493854999999485,0.898770999999897
151.37872149999995,b,,3,0.418001500000031,0.836003000000062
151.796723,b,,4,0.4320240000000126,0.8640480000000252
152.228747,db,,1,0.4200050000000033,0.8400100000000066
152.648752,b,,2,0.4407049999999515,0.881409999999903
153.08945699999995,b,,3,0.4460465000000511,0.8920930000001022
153.5355035,b,,4,0.4747594999999478,0.9495189999998956
154.01026299999995,db,,1,0.44604600000005235,0.8920920000001047
154.456309,b,,2,0.424011500000006,0.848023000000012
154.8803205,b,,3,0.4580660000000023,0.9161320000000046
155.3383865,b,,4,0.41132399999997915,0.8226479999999583
155.7497105,db,,1,0.43336000000002173,0.8667200000000435
156.1830705,b,,2,0.42467849999999885,0.8493569999999977
156.607749,b,,3,0.438034000000016,0.876068000000032
157.04578300000003,b,,4,0.42868549999997185,0.8573709999999437
157.4744685,db,,1,0.44270799999995347,0.8854159999999069
157.91717649999995,b,,2,0.44270750000009684,0.8854150000001937
158.35988400000005,b,,3,0.4180020000000013,0.8360040000000026
158.77788600000005,b,,4,0.41132399999995073,0.8226479999999015
159.18921,db,,1,0.45873399999999265,0.9174679999999853
159.647944,b,,2,0.4293529999999919,0.8587059999999838
160.077297,b,,3,0.4266825000000267,0.8533650000000534
160.5039795,b,,4,0.4079854999999384,0.8159709999998768
160.91196499999995,db,,1,0.45873350000005075,0.9174670000001015
161.3706985,b,,2,0.41265999999998826,0.8253199999999765
161.7833585,b,,3,0.44804950000005306,0.8960990000001061
162.23140800000004,b,,4,0.4093214999999475,0.818642999999895
162.6407295,db,,1,0.4493855000000053,0.8987710000000106
163.090115,b,,2,0.4233430000000169,0.8466860000000338
163.513458,b,,3,0.42601499999997827,0.8520299999999565
163.939473,b,,4,0.47141999999999484,0.9428399999999897
164.410893,db,,1,0.4594020000000114,0.9188040000000228
164.870295,b,,2,0.47008500000001163,0.9401700000000233
165.34038,b,,3,0.4553939999999841,0.9107879999999682
165.795774,b,,4,0.48277250000001004,0.9655450000000201
166.2785465,db,,1,0.4547264999999925,0.909452999999985
166.733273,b,,2,0.48210500000004686,0.9642100000000937
167.21537800000004,b,,3,0.480767999999955,0.96153599999991
167.696146,b,,4,0.6116449999999531,1.2232899999999063
168.30779099999995,db,,1,0.4647430000000554,0.9294860000001108
168.772534,b,,2,0.44804999999999495,0.8960999999999899
169.220584,b,,3,0.470753000000002,0.941506000000004
169.691337,b,,4,0.4580654999999467,0.9161309999998934
170.14940249999995,db,,1,0.4620720000000631,0.9241440000001262
170.6114745,b,,2,0.4380339999999876,0.8760679999999752
171.0495085,b,,3,0.4607364999999959,0.9214729999999918
171.510245,b,,4,0.526174999999995,1.05234999999999
172.03642,db,,1,0.4540590000000009,0.9081180000000018
172.490479,b,,2,0.42334399999995753,0.8466879999999151
172.91382299999995,b,,3,0.43135650000007786,0.8627130000001557
173.34517950000003,b,,4,0.46073649999996746,0.9214729999999349
173.805916,db,,1,0.48277199999995446,0.9655439999999089
174.28868799999995,b,,2,0.4260145000000364,0.8520290000000728
174.7147025,b,,3,0.4320240000000126,0.8640480000000252
175.1467265,b,,4,0.4821045000000481,0.9642090000000962
175.62883100000005,db,,1,0.42067199999999616,0.8413439999999923
176.04950300000004,b,,2,0.4620729999999469,0.9241459999998938
176.511576,b,,3,0.4340270000000146,0.8680540000000292
176.945603,b,,4,0.4834399999999448,0.9668799999998896
177.42904299999995,db,,1,0.4260140000000945,0.852028000000189
177.85505700000004,b,,2,0.4407049999999799,0.8814099999999598
178.29576200000002,b,,3,0.41666600000002063,0.8333320000000413
178.71242800000005,b,,4,0.4300209999999538,0.8600419999999076
179.142449,db,,1,0.42601499999994985,0.8520299999998997
179.56846399999995,b,,2,0.40197550000004867,0.8039510000000973
179.9704395,b,,3,0.43202450000001136,0.8640490000000227
180.402464,b,,4,0.4233434999999872,0.8466869999999744
180.8258075,db,,1,0.49278799999999023,0.9855759999999805
181.3185955,b,,2,0.4921199999999999,0.9842399999999998
181.8107155,b,,3,0.4727565000000027,0.9455130000000054
182.283472,b,,4,0.4687490000000025,0.937498000000005
182.752221,db,,1,0.4180020000000013,0.8360040000000026
183.170223,b,,2,0.4500529999999969,0.9001059999999939
183.620276,b,,3,0.37660200000001964,0.7532040000000393
183.996878,b,,4,0.42200799999997685,0.8440159999999537
184.418886,db,,1,0.43002100000001064,0.8600420000000213
184.848907,b,,2,0.4794330000000002,0.9588660000000004
185.32834,b,,3,0.39129299999999034,0.7825859999999807
185.719633,b,,4,0.40397900000002096,0.8079580000000419
186.123612,db,,1,0.4333599999999933,0.8667199999999866
186.556972,b,,2,0.42868500000000154,0.8573700000000031
186.985657,b,,3,0.405982999999992,0.811965999999984
187.39164,b,,4,0.42801750000000993,0.8560350000000199
187.8196575,db,,1,0.41065649999998755,0.8213129999999751
188.230314,b,,2,0.40998899999999594,0.8199779999999919
188.640303,b,,3,0.401976000000019,0.803952000000038
189.042279,b,,4,0.45272399999998925,0.9054479999999785
189.495003,db,,1,0.43002100000001064,0.8600420000000213
189.925024,b,,2,0.4380329999999901,0.8760659999999802
190.363057,b,,3,0.4273510000000158,0.8547020000000316
190.790408,b,,4,0.44137149999997405,0.8827429999999481
191.2317795,db,,1,0.41666650000001937,0.8333330000000387
191.648446,b,,2,0.4039794999999913,0.8079589999999826
192.0524255,b,,3,0.408653500000014,0.817307000000028
192.461079,b,,4,0.47542699999999627,0.9508539999999925
192.936506,db,,1,0.4360304999999869,0.8720609999999738
193.3725365,b,,2,0.4200050000000033,0.8400100000000066
193.7925415,b,,3,0.4447110000000123,0.8894220000000246
194.2372525,b,,4,0.4340274999999849,0.8680549999999698
194.67128,db,,1,0.478098000000017,0.956196000000034
195.149378,b,,2,0.4119914999999992,0.8239829999999984
195.5613695,b,,3,0.4480494999999962,0.8960989999999924
196.009419,b,,4,0.45072099999998727,0.9014419999999745
196.46014,db,,1,0.4293529999999919,0.8587059999999838
196.889493,b,,2,0.431356500000021,0.862713000000042
197.3208495,b,,3,0.4420404999999903,0.8840809999999806
197.76289,b,,4,0.47008500000001163,0.9401700000000233
198.232975,db,,1,0.4046469999999829,0.8092939999999658
198.637622,b,,2,0.4059819999999945,0.811963999999989
199.043604,b,,3,0.45205650000002606,0.9041130000000521
199.4956605,b,,4,0.46207199999997783,0.9241439999999557
199.9577325,db,,1,0.46875,0.9375
200.4264825,b,,2,0.4006405000000086,0.8012810000000172
200.827123,b,,3,0.4387015000000076,0.8774030000000153
201.2658245,b,,4,0.4286855000000003,0.8573710000000005
201.69451,db,,1,0.42134049999998524,0.8426809999999705
202.1158505,b,,2,0.4387015000000076,0.8774030000000153
202.554552,b,,3,0.3899565000000109,0.7799130000000218
202.9445085,b,,4,0.5769224999999949,1.1538449999999898
203.521431,db,,1,0.47275600000000395,0.9455120000000079
203.994187,b,,2,0.3939629999999852,0.7879259999999704
204.38815,b,,3,0.4233440000000144,0.8466880000000288
204.811494,b,,4,0.4453784999999755,0.890756999999951
205.2568725,db,,1,0.42134050000001366,0.8426810000000273
205.678213,b,,2,0.4046470000000113,0.8092940000000226
206.08286,b,,3,0.4280174999999815,0.856034999999963
206.5108775,b,,4,0.43202450000001136,0.8640490000000227
206.942902,db,,1,0.42334399999998595,0.8466879999999719
207.366246,b,,2,0.40865300000001525,0.8173060000000305
207.774899,b,,3,0.44203999999999155,0.8840799999999831
208.216939,b,,4,0.4714209999999923,0.9428419999999846
208.68836,db,,1,0.4353630000000237,0.8707260000000474
209.123723,b,,2,0.43269099999997707,0.8653819999999541
209.556414,b,,3,0.401976000000019,0.803952000000038
209.95839,b,,4,0.4640759999999773,0.9281519999999546
210.422466,db,,1,0.4200050000000033,0.8400100000000066
210.842471,b,,2,0.49078450000001794,0.9815690000000359
211.3332555,b,,3,0.47075250000000324,0.9415050000000065
211.804008,b,,4,0.428685999999999,0.857371999999998
212.232694,db,,1,0.40865299999998683,0.8173059999999737
212.641347,b,,2,0.4273499999999899,0.8546999999999798
213.068697,b,,3,0.40865400000001273,0.8173080000000255
213.477351,b,,4,0.44203999999999155,0.8840799999999831
213.919391,db,,1,0.4500529999999969,0.9001059999999939
214.369444,b,,2,0.4139949999999999,0.8279899999999998
214.783439,b,,3,0.40998900000002436,0.8199780000000487
215.193428,b,,4,0.44203999999999155,0.8840799999999831
215.635468,db,,1,0.4360309999999856,0.8720619999999712
216.071499,b,,2,0.44871700000001624,0.8974340000000325
216.520216,b,,3,0.43870200000000636,0.8774040000000127
216.958918,b,,4,0.42868500000000154,0.8573700000000031
217.387603,db,,1,0.4360305000000153,0.8720610000000306
217.82363350000003,b,,2,0.43936949999996955,0.8787389999999391
218.263003,b,,3,0.4440429999999935,0.888085999999987
218.707046,b,,4,0.5061430000000087,1.0122860000000173
219.213189,db,,1,0.44070500000000834,0.8814100000000167
219.653894,b,,2,0.4487169999999878,0.8974339999999756
220.102611,b,,3,0.5061430000000087,1.0122860000000173
220.608754,b,,4,0.7371789999999976,1.4743579999999952
221.345933,db,,1,0.5528840000000059,1.1057680000000119
221.898817,b,,2,0.4153299999999831,0.8306599999999662
222.314147,b,,3,0.4166670000000181,0.8333340000000362
222.730814,b,,4,0.5114844999999946,1.0229689999999891
223.2422985,db,,1,0.42601450000000796,0.8520290000000159
223.668313,b,,2,0.4180009999999754,0.8360019999999508
224.086314,b,,3,0.45272400000001767,0.9054480000000353
224.539038,b,,4,0.41132500000000505,0.8226500000000101
224.950363,db,,1,0.4366979999999785,0.873395999999957
225.387061,b,,2,0.448717500000015,0.89743500000003
225.8357785,b,,3,0.5435354999999902,1.0870709999999804
226.379314,b,,4,0.5842675000000384,1.1685350000000767
226.96358150000003,db,,1,0.4587334999999655,0.917466999999931
227.422315,b,,2,0.43135699999999133,0.8627139999999827
227.853672,b,,3,0.4567300000000216,0.9134600000000432
228.310402,b,,4,0.43269200000000296,0.8653840000000059
228.743094,db,,1,0.4647429999999986,0.9294859999999971
229.207837,b,,2,0.4340274999999849,0.8680549999999698
229.6418645,b,,3,0.43669850000000565,0.8733970000000113
230.078563,b,,4,0.43936899999999923,0.8787379999999985
230.517932,db,,1,0.45072049999998853,0.9014409999999771
230.9686525,b,,2,0.431356500000021,0.862713000000042
231.400009,b,,3,0.4714204999999936,0.9428409999999872
231.8714295,b,,4,0.44404349999999226,0.8880869999999845
232.315473,db,,1,0.47075250000000324,0.9415050000000065
232.7862255,b,,2,0.46407500000000823,0.9281500000000165
233.2503005,b,,3,0.45940149999998425,0.9188029999999685
233.709702,b,,4,0.4620725000000334,0.9241450000000668
234.17177450000003,db,,1,0.5408644999999694,1.0817289999999389
234.712639,b,,2,0.6036320000000046,1.2072640000000092
