time,info,metrics,beat_number,duration,relative duration
1.596553,db,4/4,1,0.6563824999999999,1.3127649999999997
2.2529355,b,,2,0.4634079999999998,0.9268159999999996
2.7163435,b,,3,0.47809800000000013,0.9561960000000003
3.1944415,b,,4,0.46607850000000006,0.9321570000000001
3.66052,db,,1,0.49011700000000147,0.9802340000000029
4.1506370000000015,b,,2,0.4714199999999984,0.9428399999999968
4.622057,b,,3,0.48343999999999987,0.9668799999999997
5.105497,b,,4,0.4527235000000003,0.9054470000000006
5.5582205,db,,1,0.4393695000000015,0.878739000000003
5.9975900000000015,b,,2,0.45005349999999833,0.9001069999999967
6.4476435,b,,3,0.4246785000000006,0.8493570000000012
6.8723220000000005,b,,4,0.4500529999999996,0.9001059999999992
7.322375,db,,1,0.48210399999999964,0.9642079999999993
7.804479,b,,2,0.4467144999999997,0.8934289999999994
8.2511935,b,,3,0.4560624999999998,0.9121249999999996
8.707256,b,,4,0.44204000000000043,0.8840800000000009
9.149296,db,,1,0.4460470000000001,0.8920940000000002
9.595343,b,,2,0.4513879999999997,0.9027759999999994
10.046731,b,,3,0.44471150000000215,0.8894230000000043
10.491442500000002,b,,4,0.4493854999999982,0.8987709999999964
10.940828,db,,1,0.5108165000000007,1.0216330000000013
11.4516445,b,,2,0.4847754999999996,0.9695509999999992
11.93642,b,,3,0.4186695000000018,0.8373390000000036
12.355089500000002,b,,4,0.48410699999999807,0.9682139999999961
12.8391965,db,,1,0.5194975,1.038995
13.358694,b,,2,0.48343999999999987,0.9668799999999997
13.842134,b,,3,0.4180009999999985,0.836001999999997
14.260134999999998,b,,4,0.4340280000000014,0.8680560000000028
14.694163,db,,1,0.4754265000000011,0.9508530000000022
15.1695895,b,,2,0.46274000000000015,0.9254800000000003
15.6323295,b,,3,0.48944949999999565,0.9788989999999913
16.121778999999997,b,,4,0.49545900000000387,0.9909180000000077
16.617238,db,,1,0.45072050000000274,0.9014410000000055
17.067958500000003,b,,2,0.6663985000000032,1.3327970000000064
17.734357000000006,b,,3,0.44070499999999413,0.8814099999999883
18.175062,b,,4,0.4159979999999983,0.8319959999999966
18.59106,db,,1,0.48344000000000165,0.9668800000000033
19.0745,b,,2,0.44070500000000123,0.8814100000000025
19.515205,b,,3,0.4700849999999974,0.9401699999999948
19.98529,b,,4,0.44871750000000077,0.8974350000000015
20.4340075,db,,1,0.45005250000000174,0.9001050000000035
20.88406,b,,2,0.45405999999999835,0.9081199999999967
21.33812,b,,3,0.4133275000000012,0.8266550000000024
21.7514475,b,,4,0.43603049999999755,0.8720609999999951
22.187478,db,,1,0.4527239999999999,0.9054479999999998
22.640202,b,,2,0.4353630000000024,0.8707260000000048
23.075565,b,,3,0.4527229999999989,0.9054459999999978
23.528288,b,,4,0.4273504999999993,0.8547009999999986
23.9556385,db,,1,0.4420400000000022,0.8840800000000044
24.3976785,b,,2,0.42000499999999974,0.8400099999999995
24.8176835,b,,3,0.4353630000000024,0.8707260000000048
25.253046500000004,b,,4,0.4400369999999967,0.8800739999999934
25.6930835,db,,1,0.48744549999999975,0.9748909999999995
26.180529,b,,2,0.4480499999999985,0.896099999999997
26.628579,b,,3,0.5215005000000019,1.0430010000000038
27.1500795,b,,4,0.6657315000000033,1.3314630000000065
27.815811000000004,db,,1,0.4854424999999978,0.9708849999999956
28.3012535,b,,2,0.4286855000000003,0.8573710000000005
28.729939,b,,3,0.44070500000000834,0.8814100000000167
29.17064400000001,b,,4,0.42668199999998535,0.8533639999999707
29.597325999999995,db,,1,0.43269200000000296,0.8653840000000059
30.030018,b,,2,0.4333595000000052,0.8667190000000105
30.463377500000004,b,,3,0.43402749999999557,0.8680549999999911
30.897405,b,,4,0.4580660000000023,0.9161320000000046
31.355471,db,,1,0.4567300000000003,0.9134600000000006
31.812201,b,,2,0.44070500000000123,0.8814100000000025
32.252906,b,,3,0.43135600000000096,0.8627120000000019
32.684262000000004,b,,4,0.4594009999999997,0.9188019999999995
33.143663000000004,db,,1,0.44137249999999995,0.8827449999999999
33.585035500000004,b,,2,0.4193374999999975,0.838674999999995
34.004373,b,,3,0.45272399999999635,0.9054479999999927
34.457097,b,,4,0.4400370000000038,0.8800740000000076
34.897134,db,,1,0.44070500000000123,0.8814100000000025
35.337839,b,,2,0.4186690000000084,0.8373380000000168
35.75650800000001,b,,3,0.43202449999999004,0.8640489999999801
36.1885325,b,,4,0.427349999999997,0.854699999999994
36.6158825,db,,1,0.44871750000000077,0.8974350000000015
37.0646,b,,2,0.43269200000000296,0.8653840000000059
37.497292,b,,3,0.4500529999999969,0.9001059999999939
37.947345,b,,4,0.4366979999999998,0.8733959999999996
38.384043,db,,1,0.4473820000000046,0.8947640000000092
38.831425,b,,2,0.43002099999999643,0.8600419999999929
39.261446,b,,3,0.4233430000000027,0.8466860000000054
39.684789,b,,4,0.4467144999999988,0.8934289999999976
40.1315035,db,,1,0.4473819999999975,0.894763999999995
40.5788855,b,,2,0.5194975,1.038995
41.098383,b,,3,0.4921200000000141,0.9842400000000282
41.59050300000001,b,,4,0.43402799999999075,0.8680559999999815
42.024531,db,,1,0.42067199999999616,0.8413439999999923
42.445203,b,,2,0.4380340000000018,0.8760680000000036
42.883237,b,,3,0.41933699999999874,0.8386739999999975
43.302574,b,,4,0.41933699999999874,0.8386739999999975
43.721911,db,,1,0.42334400000000016,0.8466880000000003
44.145255,b,,2,0.436698000000014,0.873396000000028
44.58195300000001,b,,3,0.440704999999987,0.881409999999974
45.022658,b,,4,0.41065650000000176,0.8213130000000035
45.4333145,db,,1,0.4053144999999958,0.8106289999999916
45.838629,b,,2,0.44337600000000066,0.8867520000000013
46.282005,b,,3,0.42067300000001495,0.8413460000000299
46.70267800000001,b,,4,0.4213399999999865,0.842679999999973
47.124018,db,,1,0.40531500000000165,0.8106300000000033
47.529333,b,,2,0.4019760000000119,0.8039520000000238
47.93130900000001,b,,3,0.4366979999999856,0.8733959999999712
48.368007,b,,4,0.41132499999999794,0.8226499999999959
48.779332,db,,1,0.4326910000000055,0.865382000000011
49.212023,b,,2,0.42334400000000016,0.8466880000000003
49.635367,b,,3,0.4366979999999998,0.8733959999999996
50.072065,b,,4,0.43135699999999844,0.8627139999999969
50.503422,db,,1,0.45072050000000274,0.9014410000000055
50.9541425,b,,2,0.45072050000000985,0.9014410000000197
51.40486300000001,b,,3,0.42134049999999945,0.8426809999999989
51.82620350000001,b,,4,0.4320239999999842,0.8640479999999684
52.2582275,db,,1,0.422008500000004,0.844017000000008
52.680236,b,,2,0.41933700000000584,0.8386740000000117
53.09957300000001,b,,3,0.40598250000000036,0.8119650000000007
53.50555550000001,b,,4,0.42601449999999375,0.8520289999999875
53.93157,db,,1,0.4387015000000005,0.877403000000001
54.3702715,b,,2,0.41265950000001084,0.8253190000000217
54.78293100000001,b,,3,0.4373664999999889,0.8747329999999778
55.2202975,b,,4,0.4166660000000064,0.8333320000000128
55.63696350000001,db,,1,0.4113244999999921,0.8226489999999842
56.048288,b,,2,0.4133275000000012,0.8266550000000024
56.4616155,b,,3,0.41666649999999095,0.8333329999999819
56.87828199999999,b,,4,0.42401100000002145,0.8480220000000429
57.30229300000001,db,,1,0.41800199999998,0.83600399999996
57.72029499999999,b,,2,0.4046470000000042,0.8092940000000084
58.124942,b,,3,0.4073180000000036,0.8146360000000072
58.53226,b,,4,0.4186695,0.837339
58.9509295,db,,1,0.4273500000000112,0.8547000000000224
59.37827950000001,b,,2,0.4159985000000006,0.8319970000000012
59.79427800000001,b,,3,0.4206724999999878,0.8413449999999756
60.2149505,b,,4,0.4133275000000012,0.8266550000000024
60.628278,db,,1,0.4139954999999915,0.827990999999983
61.04227349999999,b,,2,0.4119915000000063,0.8239830000000126
61.454265,b,,3,0.2897974999999988,0.5795949999999976
61.7440625,b,,4,0.5261745000000033,1.0523490000000066
62.270237,db,,1,0.42200799999999106,0.8440159999999821
62.69224499999999,b,,2,0.43002100000001064,0.8600420000000213
63.122266,b,,3,0.4180020000000084,0.8360040000000168
63.54026800000001,b,,4,0.4280174999999886,0.8560349999999772
63.9682855,db,,1,0.42000449999999745,0.8400089999999949
64.38829,b,,2,0.4180020000000013,0.8360040000000026
64.806292,b,,3,0.4420404999999903,0.8840809999999806
65.24833249999999,b,,4,0.43736550000001273,0.8747310000000255
65.685698,db,,1,0.4213409999999982,0.8426819999999964
66.107039,b,,2,0.4246790000000118,0.8493580000000236
66.53171800000001,b,,3,0.41733399999999676,0.8346679999999935
66.94905200000001,b,,4,0.4387009999999947,0.8774019999999894
67.387753,db,,1,0.42067299999999364,0.8413459999999873
67.808426,b,,2,0.4440429999999935,0.888085999999987
68.25246899999999,b,,3,0.3799410000000023,0.7598820000000046
68.63241,b,,4,0.44070500000000834,0.8814100000000167
69.073115,db,,1,0.40865300000000104,0.8173060000000021
69.481768,b,,2,0.42801799999999446,0.8560359999999889
69.909786,b,,3,0.3432150000000007,0.6864300000000014
70.253001,b,,4,0.5215010000000007,1.0430020000000013
70.774502,db,,1,0.4340270000000004,0.8680540000000008
71.208529,b,,2,0.4059830000000062,0.8119660000000124
71.614512,b,,3,0.4340270000000004,0.8680540000000008
72.048539,b,,4,0.42200799999999106,0.8440159999999821
72.470547,db,,1,0.4180020000000013,0.8360040000000026
72.888549,b,,2,0.42200799999997685,0.8440159999999537
73.31055699999997,b,,3,0.4326920000000314,0.8653840000000628
73.743249,b,,4,0.44203999999999155,0.8840799999999831
74.185289,db,,1,0.4180020000000013,0.8360040000000026
74.603291,b,,2,0.4006404999999944,0.8012809999999888
75.0039315,b,,3,0.4246789999999834,0.8493579999999668
75.42861049999998,b,,4,0.4006405000000228,0.8012810000000457
75.829251,db,,1,0.4513885000000073,0.9027770000000146
76.2806395,b,,2,0.42334399999997174,0.8466879999999435
76.70398349999998,b,,3,0.4393685000000431,0.8787370000000863
77.14335200000002,b,,4,0.4059829999999778,0.8119659999999556
77.549335,db,,1,0.426013999999995,0.85202799999999
77.975349,b,,2,0.44070500000000834,0.8814100000000167
78.416054,b,,3,0.4340270000000004,0.8680540000000008
78.850081,b,,4,0.44337599999997224,0.8867519999999445
79.29345699999998,db,,1,0.4567300000000216,0.9134600000000432
79.750187,b,,2,0.45539499999998156,0.9107899999999631
80.20558199999998,b,,3,0.45138900000002025,0.9027780000000405
80.656971,b,,4,0.4447109999999981,0.8894219999999962
81.101682,db,,1,0.45138799999998014,0.9027759999999603
81.55306999999998,b,,2,0.43002100000002486,0.8600420000000497
81.983091,b,,3,0.4714209999999923,0.9428419999999846
82.454512,b,,4,0.43936900000002765,0.8787380000000553
82.89388100000002,db,,1,0.45272400000000346,0.9054480000000069
83.34660500000003,b,,2,0.42935299999997767,0.8587059999999553
83.775958,b,,3,0.4654105000000186,0.9308210000000372
84.24136850000002,b,,4,0.43936949999998376,0.8787389999999675
84.680738,db,,1,0.4540594999999712,0.9081189999999424
85.13479749999998,b,,2,0.45673050000002036,0.9134610000000407
85.591528,b,,3,0.45072050000000274,0.9014410000000055
86.0422485,b,,4,0.4520565000000403,0.9041130000000805
86.49430500000004,db,,1,0.4821039999999357,0.9642079999998714
86.97640899999998,b,,2,0.5208330000000245,1.041666000000049
87.497242,b,,3,0.5028039999999976,1.0056079999999952
88.000046,b,,4,0.5028039999999976,1.0056079999999952
88.50285,db,,1,0.46073599999998294,0.9214719999999659
88.96358599999998,b,,2,0.6790859999999981,1.3581719999999962
89.64267199999998,b,,3,0.47275600000001816,0.9455120000000363
90.115428,b,,4,0.510817000000003,1.021634000000006
90.626245,db,,1,0.5181620000000038,1.0363240000000076
91.144407,b,,2,0.4473820000000046,0.8947640000000092
91.591789,b,,3,0.46340699999998947,0.9268139999999789
92.055196,b,,4,0.44805000000000916,0.8961000000000183
92.503246,db,,1,0.45072050000000274,0.9014410000000055
92.9539665,b,,2,0.4620729999999895,0.924145999999979
93.4160395,b,,3,0.4180015000000026,0.8360030000000052
93.834041,b,,4,0.5428679999999986,1.0857359999999971
94.376909,db,,1,0.5615645000000029,1.1231290000000058
94.9384735,b,,2,0.4634075000000024,0.9268150000000048
95.401881,b,,3,0.44203999999999155,0.8840799999999831
95.843921,b,,4,0.4473820000000046,0.8947640000000092
96.291303,db,,1,0.43002099999999643,0.8600419999999929
96.721324,b,,2,0.44805000000000916,0.8961000000000183
97.169374,b,,3,0.4467144999999988,0.8934289999999976
97.6160885,b,,4,0.44738149999999166,0.8947629999999833
98.06347,db,,1,0.43402799999999786,0.8680559999999957
98.497498,b,,2,0.4473820000000046,0.8947640000000092
98.94488,b,,3,0.44671400000000006,0.8934280000000001
99.391594,b,,4,0.4206725000000091,0.8413450000000182
99.8122665,db,,1,0.44404349999999226,0.8880869999999845
100.25631,b,,2,0.40064100000000735,0.8012820000000147
100.656951,b,,3,0.403310999999988,0.806621999999976
101.060262,b,,4,0.42334400000000016,0.8466880000000003
101.483606,db,,1,0.44070400000001086,0.8814080000000217
101.92431,b,,2,0.43002099999999643,0.8600419999999929
102.354331,b,,3,0.40998899999999594,0.8199779999999919
102.76432,b,,4,0.43002099999999643,0.8600419999999929
103.194341,db,,1,0.4487179999999995,0.897435999999999
103.643059,b,,2,0.4660780000000102,0.9321560000000204
104.109137,b,,3,0.4580660000000023,0.9161320000000046
104.567203,b,,4,0.46607849999999473,0.9321569999999895
105.0332815,db,,1,0.48811399999999594,0.9762279999999919
105.5213955,b,,2,0.4400375000000025,0.880075000000005
105.961433,b,,3,0.46273949999999786,0.9254789999999957
106.4241725,b,,4,0.45472750000000417,0.9094550000000083
106.8789,db,,1,0.466077999999996,0.932155999999992
107.344978,b,,2,0.4246789999999976,0.8493579999999952
107.769657,b,,3,0.45072099999998727,0.9014419999999745
108.22037799999998,b,,4,0.43603000000001657,0.8720600000000331
108.656408,db,,1,0.460069500000003,0.920139000000006
109.1164775,b,,2,0.44404349999999226,0.8880869999999845
109.560521,b,,3,0.4487169999999878,0.8974339999999756
110.00923799999998,b,,4,0.45005300000001114,0.9001060000000223
110.459291,db,,1,0.4660790000000077,0.9321580000000154
110.92537,b,,2,0.40998899999999594,0.8199779999999919
111.335359,b,,3,0.47275600000000395,0.9455120000000079
111.808115,b,,4,0.47809750000000406,0.9561950000000081
112.2862125,db,,1,0.4473819999999904,0.8947639999999808
112.7335945,b,,2,0.4407045000000096,0.8814090000000192
113.174299,b,,3,0.4400369999999896,0.8800739999999792
113.614336,b,,4,0.46407550000000697,0.9281510000000139
114.0784115,db,,1,0.45806550000000357,0.9161310000000071
114.536477,b,,2,0.43402799999999786,0.8680559999999957
114.970505,b,,3,0.44871700000000203,0.8974340000000041
115.419222,b,,4,0.4353629999999953,0.8707259999999906
115.854585,db,,1,0.464074999999994,0.928149999999988
116.31866,b,,2,0.42534700000000214,0.8506940000000043
116.744007,b,,3,0.4573985000000107,0.9147970000000214
117.2014055,b,,4,0.42401149999999177,0.8480229999999835
117.625417,db,,1,0.4967939999999942,0.9935879999999884
118.122211,b,,2,0.45005300000001114,0.9001060000000223
118.572264,b,,3,0.4674139999999909,0.9348279999999818
119.039678,b,,4,0.4627400000000108,0.9254800000000216
119.502418,db,,1,0.4587334999999939,0.9174669999999878
119.9611515,b,,2,0.4513885000000073,0.9027770000000146
120.41254,b,,3,0.4273499999999899,0.8546999999999798
120.83989,b,,4,0.4433750000000032,0.8867500000000064
121.283265,db,,1,0.45005349999999567,0.9001069999999913
121.7333185,b,,2,0.4407045000000096,0.8814090000000192
122.174023,b,,3,0.43269199999998875,0.8653839999999775
122.606715,b,,4,0.4380340000000018,0.8760680000000036
123.044749,db,,1,0.4607365000000101,0.9214730000000202
123.5054855,b,,2,0.43536249999999654,0.8707249999999931
123.940848,b,,3,0.4306890000000152,0.8613780000000304
124.37153700000002,b,,4,0.4026439999999809,0.8052879999999618
124.774181,db,,1,0.4473820000000046,0.8947640000000092
125.221563,b,,2,0.42067199999999616,0.8413439999999923
125.642235,b,,3,0.4487179999999995,0.897435999999999
126.090953,b,,4,0.4113240000000076,0.8226480000000151
126.502277,db,,1,0.42334400000000016,0.8466880000000003
126.925621,b,,2,0.43269199999998875,0.8653839999999775
127.358313,b,,3,0.4460460000000097,0.8920920000000194
127.804359,b,,4,0.40998899999999594,0.8199779999999919
128.214348,db,,1,0.42200800000000527,0.8440160000000105
128.636356,b,,2,0.442040999999989,0.884081999999978
129.078397,b,,3,0.43803300000001855,0.8760660000000371
129.51643,b,,4,0.3979699999999866,0.7959399999999732
129.9144,db,,1,0.4540590000000009,0.9081180000000018
130.368459,b,,2,0.419337999999982,0.838675999999964
130.78779699999998,b,,3,0.45940100000001394,0.9188020000000279
131.247198,b,,4,0.4647429999999986,0.9294859999999971
131.711941,db,,1,0.4233440000000144,0.8466880000000288
132.135285,b,,2,0.39596599999998716,0.7919319999999743
132.531251,b,,3,0.4093210000000056,0.8186420000000112
132.940572,b,,4,0.3966340000000059,0.7932680000000119
133.337206,db,,1,0.41132500000000505,0.8226500000000101
133.748531,b,,2,0.4173334999999838,0.8346669999999676
134.1658645,b,,3,0.41866950000002134,0.8373390000000427
134.58453400000002,b,,4,0.3952989999999943,0.7905979999999886
134.979833,db,,1,0.43269199999997454,0.8653839999999491
135.412525,b,,2,0.417334000000011,0.834668000000022
135.829859,b,,3,0.4320240000000126,0.8640480000000252
136.261883,b,,4,0.3826119999999946,0.7652239999999892
136.644495,db,,1,0.4293529999999919,0.8587059999999838
137.073848,b,,2,0.4073180000000036,0.8146360000000072
137.481166,b,,3,0.4233440000000144,0.8466880000000288
137.90451000000002,b,,4,0.3839464999999791,0.7678929999999582
138.2884565,db,,1,0.42134050000001366,0.8426810000000273
138.709797,b,,2,0.43269199999997454,0.8653839999999491
139.14248899999998,b,,3,0.43002100000003907,0.8600420000000781
139.57251000000002,b,,4,0.48477499999998486,0.9695499999999697
140.057285,db,,1,0.5608970000000113,1.1217940000000226
140.61818200000002,b,,2,0.39930500000002667,0.7986100000000533
141.01748700000005,b,,3,0.38194399999994744,0.7638879999998949
141.399431,b,,4,0.43936949999999797,0.8787389999999959
141.8388005,db,,1,0.7411855000000571,1.4823710000001142
142.57998600000005,b,,2,0.4520554999999433,0.9041109999998866
143.0320415,b,,3,0.48410749999996483,0.9682149999999297
143.51614899999996,b,,4,0.5288460000000441,1.0576920000000882
144.044995,db,,1,0.5181620000000464,1.0363240000000928
144.56315700000005,b,,2,0.47342349999996713,0.9468469999999343
145.0365805,b,,3,0.47342349999999556,0.9468469999999911
145.510004,b,,4,0.45739799999998354,0.9147959999999671
145.967402,db,,1,0.48410749999999325,0.9682149999999865
146.4515095,b,,2,0.4427080000000103,0.8854160000000206
146.8942175,b,,3,0.4340274999999565,0.868054999999913
147.32824499999995,b,,4,0.46541100000004576,0.9308220000000915
147.793656,db,,1,0.5168260000000089,1.0336520000000178
148.310482,b,,2,0.45873350000002233,0.9174670000000447
148.76921550000003,b,,3,0.4640754999999217,0.9281509999998434
149.23329099999995,b,,4,0.45806600000005915,0.9161320000001183
149.691357,db,,1,0.46607800000003863,0.9321560000000773
150.15743500000005,b,,2,0.4500529999999401,0.9001059999998802
150.607488,b,,3,0.4734240000000227,0.9468480000000454
151.080912,b,,4,0.4687494999999444,0.9374989999998888
151.54966149999996,db,,1,0.5228360000000407,1.0456720000000814
152.0724975,b,,2,0.5048074999999983,1.0096149999999966
152.577305,b,,3,0.45739800000001196,0.9147960000000239
153.034703,b,,4,0.494122999999945,0.98824599999989
153.52882599999995,db,,1,0.5215005000000019,1.0430010000000038
154.05032649999995,b,,2,0.5221685000000491,1.0443370000000982
154.572495,b,,3,0.43736599999999726,0.8747319999999945
155.009861,b,,4,0.43469500000000494,0.8693900000000099
155.444556,db,,1,0.4760949999999866,0.9521899999999732
155.920651,b,,2,0.4700845000000129,0.9401690000000258
156.3907355,b,,3,0.4867785000000424,0.9735570000000848
156.87751400000005,b,,4,0.5849349999999447,1.1698699999998894
157.462449,db,,1,0.4567304999999635,0.913460999999927
157.91917949999996,b,,2,0.46607900000009295,0.9321580000001859
158.38525850000005,b,,3,0.4273499999999615,0.854699999999923
158.8126085,b,,4,0.42601449999997953,0.8520289999999591
159.238623,db,,1,0.45472700000001964,0.9094540000000393
159.69335,b,,2,0.45072099999998727,0.9014419999999745
160.144071,b,,3,0.4447110000000123,0.8894220000000246
160.588782,b,,4,0.440704500000038,0.881409000000076
161.02948650000005,db,,1,0.44204049999996187,0.8840809999999237
161.471527,b,,2,0.42734949999999117,0.8546989999999823
161.8988765,b,,3,0.44738200000003303,0.8947640000000661
162.34625850000003,b,,4,0.39329549999996516,0.7865909999999303
162.739554,db,,1,0.4480500000000518,0.8961000000001036
163.18760400000005,b,,2,0.41132399999995073,0.8226479999999015
163.598928,b,,3,0.42134099999995556,0.8426819999999111
164.02026899999996,b,,4,0.42601400000003764,0.8520280000000753
164.446283,db,,1,0.41399549999999863,0.8279909999999973
164.8602785,b,,2,0.4387014999999792,0.8774029999999584
165.29897999999997,b,,3,0.42467950000002475,0.8493590000000495
165.7236595,b,,4,0.40865300000001525,0.8173060000000305
166.1323125,db,,1,0.4433755000000019,0.8867510000000038
166.575688,b,,2,0.46741449999998963,0.9348289999999793
167.0431025,b,,3,0.4407045000000096,0.8814090000000192
167.483807,b,,4,0.5969540000000393,1.1939080000000786
168.08076100000005,db,,1,0.5355229999999551,1.0710459999999102
168.616284,b,,2,0.45940200000003983,0.9188040000000797
169.07568600000005,b,,3,0.4634069999999042,0.9268139999998084
169.53909299999995,b,,4,0.5034720000000448,1.0069440000000895
170.042565,db,,1,0.4473820000000046,0.8947640000000092
170.489947,b,,2,0.4567299999999932,0.9134599999999864
170.946677,b,,3,0.48210500000001844,0.9642100000000369
171.428782,b,,4,0.6650629999999751,1.3301259999999502
172.093845,db,,1,0.5889420000000598,1.1778840000001196
172.68278700000005,b,,2,0.49746149999995737,0.9949229999999147
173.1802485,b,,3,0.5041394999999511,1.0082789999999022
173.68438799999996,b,,4,0.6002935000000491,1.2005870000000982
174.2846815,db,,1,0.4500529999999969,0.9001059999999939
174.7347345,b,,2,0.4447110000000123,0.8894220000000246
175.1794455,b,,3,0.4407044999999812,0.8814089999999624
175.62015,b,,4,0.4640760000000057,0.9281520000000114
176.084226,db,,1,0.458064999999948,0.916129999999896
176.54229099999995,b,,2,0.4226765000000512,0.8453530000001024
176.9649675,b,,3,0.45806550000000357,0.9161310000000071
177.423033,b,,4,0.3986374999999498,0.7972749999998996
177.82167049999995,db,,1,0.48944900000009284,0.9788980000001857
178.31111950000005,b,,2,0.41399549999999863,0.8279909999999973
178.72511500000005,b,,3,0.44404349999996384,0.8880869999999277
179.1691585,b,,4,0.4433755000000019,0.8867510000000038
179.612534,db,,1,0.4513889999999776,0.9027779999999552
180.063923,b,,2,0.4119919999999979,0.8239839999999958
180.475915,b,,3,0.4273495000000196,0.8546990000000392
180.9032645,b,,4,0.4353629999999953,0.8707259999999906
181.3386275,db,,1,0.4480494999999962,0.8960989999999924
181.786677,b,,2,0.44337600000000066,0.8867520000000013
182.230053,b,,3,0.438034000000016,0.876068000000032
182.668087,b,,4,0.4473819999999762,0.8947639999999524
183.115469,db,,1,0.4353619999999978,0.8707239999999956
183.550831,b,,2,0.42267600000002403,0.8453520000000481
183.973507,b,,3,0.4400369999999896,0.8800739999999792
184.413544,b,,4,0.4447110000000123,0.8894220000000246
184.858255,db,,1,0.45940149999998425,0.9188029999999685
185.3176565,b,,2,0.5348554999999919,1.0697109999999839
185.852512,b,,3,0.4787650000000099,0.9575300000000198
186.331277,b,,4,0.4447110000000123,0.8894220000000246
186.775988,db,,1,0.442040999999989,0.884081999999978
187.218029,b,,2,0.48477499999998486,0.9695499999999697
187.702804,b,,3,0.4046470000000113,0.8092940000000226
188.107451,b,,4,0.4273499999999899,0.8546999999999798
188.534801,db,,1,0.4473820000000046,0.8947640000000092
188.982183,b,,2,0.4580660000000023,0.9161320000000046
189.440249,b,,3,0.4340270000000146,0.8680540000000292
189.874276,b,,4,0.43736599999999726,0.8747319999999945
190.311642,db,,1,0.4387015000000076,0.8774030000000153
190.7503435,b,,2,0.44471099999998387,0.8894219999999677
191.1950545,b,,3,0.44738250000000335,0.8947650000000067
191.642437,b,,4,0.4460459999999955,0.892091999999991
192.088483,db,,1,0.415331000000009,0.830662000000018
192.503814,b,,2,0.44471099999998387,0.8894219999999677
192.948525,b,,3,0.44337600000000066,0.8867520000000013
193.391901,b,,4,0.4473820000000046,0.8947640000000092
193.839283,db,,1,0.4433750000000032,0.8867500000000064
194.282658,b,,2,0.428685999999999,0.857371999999998
194.711344,b,,3,0.44871700000001624,0.8974340000000325
195.160061,b,,4,0.42534699999998793,0.8506939999999759
195.585408,db,,1,0.4647434999999973,0.9294869999999946
196.0501515,b,,2,0.4326915000000042,0.8653830000000085
196.482843,b,,3,0.4320239999999842,0.8640479999999684
196.914867,b,,4,0.4440435000000491,0.8880870000000982
197.35891050000004,db,,1,0.43068849999997383,0.8613769999999477
197.789599,b,,2,0.4353629999999953,0.8707259999999906
198.224962,b,,3,0.42534699999998793,0.8506939999999759
198.650309,b,,4,0.431356500000021,0.862713000000042
199.0816655,db,,1,0.44137249999999995,0.8827449999999999
199.523038,b,,2,0.43736599999999726,0.8747319999999945
199.960404,b,,3,0.4400369999999896,0.8800739999999792
200.400441,b,,4,0.4300205000000119,0.8600410000000238
200.8304615,db,,1,0.4420404999999903,0.8840809999999806
201.272502,b,,2,0.43269200000000296,0.8653840000000059
201.705194,b,,3,0.4353619999999978,0.8707239999999956
202.140556,b,,4,0.4313564999999926,0.8627129999999852
202.5719125,db,,1,0.42735050000001706,0.8547010000000341
202.999263,b,,2,0.4139949999999999,0.8279899999999998
203.413258,b,,3,0.4266824999999983,0.8533649999999966
203.8399405,b,,4,0.4340270000000146,0.8680540000000292
204.27396750000003,db,,1,0.4133279999999786,0.8266559999999572
204.6872955,b,,2,0.4280174999999815,0.856034999999963
205.115313,b,,3,0.4113245000000063,0.8226490000000126
205.5266375,b,,4,0.4066500000000133,0.8133000000000266
205.9332875,db,,1,0.4246789999999976,0.8493579999999952
206.3579665,b,,2,0.4233434999999872,0.8466869999999744
206.78131,b,,3,0.3846149999999966,0.7692299999999932
207.165925,b,,4,0.47142100000002074,0.9428420000000415
207.637346,db,,1,0.43135599999999386,0.8627119999999877
208.068702,b,,2,0.42334399999998595,0.8466879999999719
208.492046,b,,3,0.41866950000002134,0.8373390000000427
208.9107155,b,,4,0.4300204999999835,0.860040999999967
209.340736,db,,1,0.4186700000000201,0.8373400000000402
209.759406,b,,2,0.42067199999999616,0.8413439999999923
210.180078,b,,3,0.41399549999999863,0.8279909999999973
210.5940735,b,,4,0.4387014999999792,0.8774029999999584
211.032775,db,,1,0.4213400000000149,0.8426800000000298
211.454115,b,,2,0.43135699999999133,0.8627139999999827
211.885472,b,,3,0.4273500000000183,0.8547000000000367
212.312822,b,,4,0.4166659999999922,0.8333319999999844
212.729488,db,,1,0.446046999999993,0.892093999999986
213.175535,b,,2,0.41800100000000384,0.8360020000000077
213.593536,b,,3,0.3966350000000034,0.7932700000000068
213.990171,b,,4,0.458065500000032,0.916131000000064
214.44823650000004,db,,1,0.42734949999996275,0.8546989999999255
214.875586,b,,2,0.43202450000001136,0.8640490000000227
215.3076105,b,,3,0.29447049999998853,0.5889409999999771
215.602081,b,,4,0.567575000000005,1.13515000000001
216.169656,db,,1,0.4273499999999899,0.8546999999999798
216.597006,b,,2,0.4046470000000113,0.8092940000000226
217.001653,b,,3,0.42868500000000154,0.8573700000000031
217.430338,b,,4,0.4139949999999999,0.8279899999999998
217.844333,db,,1,0.4300209999999822,0.8600419999999644
218.274354,b,,2,0.41132500000000505,0.8226500000000101
218.685679,b,,3,0.4366980000000069,0.8733960000000138
219.122377,b,,4,0.415331000000009,0.830662000000018
219.537708,db,,1,0.41666600000002063,0.8333320000000413
219.95437400000003,b,,2,0.4153309999999806,0.8306619999999612
220.369705,b,,3,0.4366979999999785,0.873395999999957
220.806403,b,,4,0.40798550000002365,0.8159710000000473
221.2143885,db,,1,0.4400374999999883,0.8800749999999766
221.654426,b,,2,0.4180020000000013,0.8360040000000026
222.072428,b,,3,0.4340269999999862,0.8680539999999723
222.506455,b,,4,0.3912920000000213,0.7825840000000426
222.897747,db,,1,0.44471099999998387,0.8894219999999677
223.342458,b,,2,0.4260150000000067,0.8520300000000134
223.768473,b,,3,0.4460459999999955,0.892091999999991
224.214519,b,,4,0.544871999999998,1.089743999999996
224.759391,db,,1,0.4273500000000183,0.8547000000000367
225.186741,b,,2,0.42067199999999616,0.8413439999999923
225.607413,b,,3,0.3979699999999866,0.7959399999999732
226.005383,b,,4,0.4607364999999959,0.9214729999999918
226.4661195,db,,1,0.3872865000000161,0.7745730000000322
226.853406,b,,2,0.4059819999999945,0.811963999999989
227.259388,b,,3,0.3979699999999866,0.7959399999999732
227.657358,b,,4,0.4273500000000183,0.8547000000000367
228.084708,db,,1,0.41666600000002063,0.8333320000000413
228.50137400000003,b,,2,0.40197599999996214,0.8039519999999243
228.90335,b,,3,0.522168000000022,1.044336000000044
229.425518,b,,4,0.6163189999999759,1.2326379999999517
230.041837,db,,1,0.43469500000000494,0.8693900000000099
230.476532,b,,2,0.43269200000000296,0.8653840000000059
230.909224,b,,3,0.47008500000001163,0.9401700000000233
231.379309,b,,4,0.4260150000000067,0.8520300000000134
231.805324,db,,1,0.4660779999999818,0.9321559999999636
232.271402,b,,2,0.43870200000000636,0.8774040000000127
232.710104,b,,3,0.4433755000000019,0.8867510000000038
233.1534795,b,,4,0.4387015000000076,0.8774030000000153
233.592181,db,,1,0.4580660000000023,0.9161320000000046
234.050247,b,,2,0.4393685000000005,0.878737000000001
234.4896155,b,,3,0.46274049999999534,0.9254809999999907
234.952356,b,,4,0.45272399999998925,0.9054479999999785
235.40508,db,,1,0.4634074999999882,0.9268149999999764
235.8684875,b,,2,0.4607365000000243,0.9214730000000486
236.329224,b,,3,0.4587334999999939,0.9174669999999878
236.7879575,b,,4,0.4600690000000043,0.9201380000000086
237.2480265,db,,1,0.4961265000000026,0.9922530000000052
237.744153,b,,2,0.5862709999999822,1.1725419999999644
