time,info,metrics,beat_number,duration,relative duration
2.128737,db,4/4,1,0.46420949999999994,0.9284189999999999
2.5929465,b,,2,0.40918699999999975,0.8183739999999995
3.0021335,b,,3,0.4129270000000007,0.8258540000000014
3.4150605000000005,b,,4,0.4364314999999994,0.8728629999999988
3.851492,db,,1,0.41880300000000004,0.8376060000000001
4.270295,b,,2,0.4401704999999998,0.8803409999999996
4.7104655,b,,3,0.4294865000000003,0.8589730000000007
5.139952,b,,4,0.44337549999999837,0.8867509999999967
5.5833274999999984,db,,1,0.45245750000000307,0.9049150000000061
6.0357850000000015,b,,2,0.43803349999999863,0.8760669999999973
6.4738185,b,,3,0.42574749999999995,0.8514949999999999
6.899566,b,,4,0.4145289999999999,0.8290579999999999
7.314095,db,,1,0.45406000000000013,0.9081200000000003
7.768155,b,,2,0.42467849999999885,0.8493569999999977
8.192833499999999,b,,3,0.4364315000000012,0.8728630000000024
8.629265,b,,4,0.423076,0.846152
9.052341,db,,1,0.4326919999999994,0.8653839999999988
9.485033,b,,2,0.4177350000000004,0.8354700000000008
9.902768,b,,3,0.4529910000000008,0.9059820000000016
10.355759,b,,4,0.49465749999999886,0.9893149999999977
10.8504165,db,,1,0.48450799999999994,0.9690159999999999
11.3349245,b,,2,0.49305550000000054,0.9861110000000011
11.82798,b,,3,0.39102499999999907,0.7820499999999981
12.219005,b,,4,0.4946575000000024,0.9893150000000048
12.713662500000002,db,,1,0.515490999999999,1.030981999999998
13.2291535,b,,2,0.5026704999999989,1.0053409999999978
13.731824,b,,3,0.3942305000000008,0.7884610000000016
14.1260545,b,,4,0.5010674999999996,1.002134999999999
14.627122,db,,1,0.4914524999999994,0.9829049999999988
15.1185745,b,,2,0.500534,1.001068
15.6191085,b,,3,0.4855765000000005,0.971153000000001
16.104685,b,,4,0.574251499999999,1.148502999999998
16.6789365,db,,1,0.4428415000000001,0.8856830000000002
17.121778,b,,2,0.45886700000000147,0.9177340000000029
17.580645,b,,3,0.44123850000000076,0.8824770000000015
18.0218835,b,,4,0.4086534999999998,0.8173069999999996
18.430537,db,,1,0.4797009999999986,0.9594019999999972
18.910238,b,,2,0.42628150000000176,0.8525630000000035
19.3365195,b,,3,0.43162349999999705,0.8632469999999941
19.768143,b,,4,0.4572640000000021,0.9145280000000042
20.225407,db,,1,0.47916649999999805,0.9583329999999961
20.7045735,b,,2,0.45619600000000204,0.9123920000000041
21.1607695,b,,3,0.41613200000000106,0.8322640000000021
21.5769015,b,,4,0.40811949999999797,0.8162389999999959
21.985021,db,,1,0.4764949999999999,0.9529899999999998
22.461516,b,,2,0.4503200000000014,0.9006400000000028
22.911836,b,,3,0.4375,0.875
23.349336,b,,4,0.5304479999999998,1.0608959999999996
23.879784,db,,1,0.4962599999999995,0.992519999999999
24.376044,b,,2,0.46207199999999915,0.9241439999999983
24.838116,b,,3,0.4289529999999999,0.8579059999999998
25.267069,b,,4,0.4754269999999998,0.9508539999999996
25.742496,db,,1,0.5149565000000074,1.0299130000000147
26.257452500000007,b,,2,0.5293794999999939,1.0587589999999878
26.786832,b,,3,0.5560895000000059,1.1121790000000118
27.342921500000006,b,,4,0.5993579999999952,1.1987159999999903
27.9422795,db,,1,0.4706195000000015,0.941239000000003
28.412899000000003,b,,2,0.4738239999999969,0.9476479999999938
28.886723,b,,3,0.4348290000000006,0.8696580000000012
29.321552,b,,4,0.42521300000000295,0.8504260000000059
29.746765000000003,db,,1,0.4134614999999968,0.8269229999999936
30.1602265,b,,2,0.3990380000000009,0.7980760000000018
30.5592645,b,,3,0.41506350000000225,0.8301270000000045
30.974328000000003,b,,4,0.44658099999999834,0.8931619999999967
31.420909,db,,1,0.4284179999999971,0.8568359999999942
31.849327,b,,2,0.4102560000000075,0.820512000000015
32.259583000000006,b,,3,0.4246789999999905,0.849357999999981
32.684262,b,,4,0.4375,0.875
33.121762,db,,1,0.43162300000000187,0.8632460000000037
33.553385,b,,2,0.38728649999999476,0.7745729999999895
33.94067149999999,b,,3,0.4214735000000047,0.8429470000000094
34.362145,b,,4,0.4380340000000018,0.8760680000000036
34.800179,db,,1,0.4134610000000123,0.8269220000000246
35.21364000000001,b,,2,0.4123924999999815,0.824784999999963
35.626032499999994,b,,3,0.41559850000000864,0.8311970000000173
36.041631,b,,4,0.43322549999999893,0.8664509999999979
36.4748565,db,,1,0.4086534999999998,0.8173069999999996
36.88351,b,,2,0.4155979999999957,0.8311959999999914
37.299108,b,,3,0.4252130000000065,0.850426000000013
37.724321,b,,4,0.4262819999999934,0.8525639999999868
38.150603,db,,1,0.4241450000000029,0.8482900000000058
38.574748,b,,2,0.41773400000000294,0.8354680000000059
38.992482,b,,3,0.40918800000000033,0.8183760000000007
39.40167,b,,4,0.45619649999999723,0.9123929999999945
39.8578665,db,,1,0.4091875000000016,0.8183750000000032
40.267054,b,,2,0.5539525000000012,1.1079050000000024
40.8210065,b,,3,0.44818349999999896,0.8963669999999979
41.26919,b,,4,0.5064089999999979,1.0128179999999958
41.775599,db,,1,0.427349999999997,0.854699999999994
42.202949,b,,2,0.4572650000000067,0.9145300000000134
42.660214,b,,3,0.4188029999999969,0.8376059999999939
43.079017,b,,4,0.4391019999999983,0.8782039999999967
43.518119,db,,1,0.42841800000000063,0.8568360000000013
43.946537,b,,2,0.4668800000000033,0.9337600000000066
44.413417,b,,3,0.4476489999999984,0.8952979999999968
44.861066,b,,4,0.4818375000000117,0.9636750000000234
45.34290350000001,db,,1,0.43055499999998403,0.8611099999999681
45.7734585,b,,2,0.4412385000000043,0.8824770000000086
46.214697,b,,3,0.4476489999999984,0.8952979999999968
46.662346,b,,4,0.42361099999999396,0.8472219999999879
47.08595699999999,db,,1,0.4375000000000071,0.8750000000000142
47.523457,b,,2,0.4145290000000017,0.8290580000000034
47.937986,b,,3,0.42200799999999816,0.8440159999999963
48.359994,b,,4,0.4252139999999969,0.8504279999999937
48.785208,db,,1,0.4273500000000041,0.8547000000000082
49.212558,b,,2,0.449785999999996,0.899571999999992
49.662344,b,,3,0.47329000000000576,0.9465800000000115
50.135634,b,,4,0.5037384999999972,1.0074769999999944
50.6393725,db,,1,0.46153799999999734,0.9230759999999947
51.1009105,b,,2,0.42147400000000346,0.8429480000000069
51.5223845,b,,3,0.44123899999999594,0.8824779999999919
51.9636235,b,,4,0.5053415000000001,1.0106830000000002
52.468965,db,,1,0.43108900000000006,0.8621780000000001
52.900054,b,,2,0.4155980000000028,0.8311960000000056
53.315652,b,,3,0.4449780000000061,0.8899560000000122
53.760630000000006,b,,4,0.4471149999999966,0.8942299999999932
54.207745,db,,1,0.43643149999999764,0.8728629999999953
54.6441765,b,,2,0.40224249999999273,0.8044849999999855
55.04641899999999,b,,3,0.4460470000000143,0.8920940000000286
55.49246600000001,b,,4,0.45085399999998543,0.9017079999999709
55.94331999999999,db,,1,0.4417735000000107,0.8835470000000214
56.3850935,b,,2,0.4439094999999966,0.8878189999999933
56.829003,b,,3,0.46848250000000746,0.9369650000000149
57.29748550000001,b,,4,0.520832999999989,1.041665999999978
57.8183185,db,,1,0.42200750000000653,0.8440150000000131
58.240326,b,,2,0.4401709999999994,0.8803419999999988
58.680497,b,,3,0.4188029999999969,0.8376059999999939
59.0993,b,,4,0.4497854999999973,0.8995709999999946
59.5490855,db,,1,0.4172010000000057,0.8344020000000114
59.9662865,b,,2,0.44284099999999427,0.8856819999999885
60.4091275,b,,3,0.4150640000000152,0.8301280000000304
60.82419150000001,b,,4,0.4492514999999955,0.898502999999991
61.27344300000001,db,,1,0.4631404999999944,0.9262809999999888
61.7365835,b,,2,0.4214744999999951,0.8429489999999902
62.158058,b,,3,0.3141014999999996,0.6282029999999992
62.4721595,b,,4,0.5165600000000055,1.033120000000011
62.9887195,db,,1,0.44497750000000025,0.8899550000000005
63.433697,b,,2,0.4177350000000004,0.8354700000000008
63.851432,b,,3,0.4332260000000048,0.8664520000000095
64.28465800000001,b,,4,0.4829054999999869,0.9658109999999738
64.7675635,db,,1,0.3990385000000032,0.7980770000000064
65.166602,b,,2,0.43055499999999824,0.8611099999999965
65.597157,b,,3,0.4204055000000011,0.8408110000000022
66.0175625,b,,4,0.4455120000000079,0.8910240000000158
66.4630745,db,,1,0.4225425000000058,0.8450850000000116
66.88561700000001,b,,2,0.39102499999999907,0.7820499999999981
67.27664200000001,b,,3,0.4225424999999916,0.8450849999999832
67.6991845,b,,4,0.47809749999998985,0.9561949999999797
68.17728199999999,db,,1,0.4647430000000128,0.9294860000000256
68.642025,b,,2,0.3942310000000049,0.7884620000000098
69.03625600000001,b,,3,0.4049139999999909,0.8098279999999818
69.44117,b,,4,0.4385680000000036,0.8771360000000072
69.879738,db,,1,0.42040499999998815,0.8408099999999763
70.30014299999999,b,,2,0.46634650000001443,0.9326930000000289
70.7664895,b,,3,0.4599355000000003,0.9198710000000005
71.226425,b,,4,0.5010669999999919,1.0021339999999839
71.727492,db,,1,0.4145299999999992,0.8290599999999984
72.142022,b,,2,0.4358969999999971,0.8717939999999942
72.577919,b,,3,0.426281000000003,0.852562000000006
73.0042,b,,4,0.49252099999999643,0.9850419999999929
73.496721,db,,1,0.42414500000001,0.84829000000002
73.920866,b,,2,0.44230799999999704,0.8846159999999941
74.363174,b,,3,0.4134609999999981,0.8269219999999962
74.776635,b,,4,0.4658110000000022,0.9316220000000044
75.242446,db,,1,0.4294869999999946,0.8589739999999892
75.671933,b,,2,0.3974355000000287,0.7948710000000574
76.06936850000002,b,,3,0.4572644999999511,0.9145289999999022
76.52663299999998,b,,4,0.4086534999999998,0.8173069999999996
76.93528649999998,db,,1,0.47916600000004905,0.9583320000000981
77.41445250000002,b,,2,0.458867499999954,0.917734999999908
77.87331999999998,b,,3,0.46100300000001937,0.9220060000000387
78.334323,b,,4,0.4257479999999987,0.8514959999999974
78.760071,db,,1,0.43108900000000006,0.8621780000000001
79.19116,b,,2,0.4476489999999984,0.8952979999999968
79.638809,b,,3,0.46047000000002924,0.9209400000000585
80.09927900000002,b,,4,0.5363244999999779,1.0726489999999558
80.6356035,db,,1,0.4519224999999949,0.9038449999999898
81.087526,b,,2,0.4273500000000041,0.8547000000000082
81.514876,b,,3,0.457263999999995,0.91452799999999
81.97214,b,,4,0.4262820000000005,0.852564000000001
82.398422,db,,1,0.48183699999999874,0.9636739999999975
82.880259,b,,2,0.42841800000000774,0.8568360000000155
83.308677,b,,3,0.48397400000000346,0.9679480000000069
83.792651,b,,4,0.4561959999999914,0.9123919999999828
84.248847,db,,1,0.47916650000000516,0.9583330000000103
84.7280135,b,,2,0.44604649999999424,0.8920929999999885
85.17406,b,,3,0.4797010000000057,0.9594020000000114
85.653761,b,,4,0.43589649999999835,0.8717929999999967
86.0896575,db,,1,0.4834395000000029,0.9668790000000058
86.573097,b,,2,0.45833349999999484,0.9166669999999897
87.0314305,b,,3,0.47596050000001355,0.9519210000000271
87.50739100000001,b,,4,0.5202989999999943,1.0405979999999886
88.02769,db,,1,0.48717899999996916,0.9743579999999383
88.51486899999998,b,,2,0.5523500000000183,1.1047000000000367
89.067219,b,,3,0.583332750000011,1.166665500000022
89.65055175,b,,4,0.583332750000011,1.166665500000022
90.23388450000002,db,,1,0.4866444999999828,0.9732889999999657
90.720529,b,,2,0.455128000000002,0.910256000000004
91.175657,b,,3,0.4588669999999979,0.9177339999999958
91.634524,b,,4,0.4700849999999974,0.9401699999999948
92.104609,db,,1,0.4668800000000033,0.9337600000000066
92.571489,b,,2,0.4455119999999937,0.8910239999999874
93.017001,b,,3,0.45299100000001147,0.9059820000000229
93.469992,b,,4,0.4738244999999921,0.9476489999999842
93.9438165,db,,1,0.47756350000000225,0.9551270000000045
94.42138,b,,2,0.4663460000000015,0.932692000000003
94.887726,b,,3,0.4551270000000045,0.910254000000009
95.342853,b,,4,0.45512799999998776,0.9102559999999755
95.797981,db,,1,0.4780980000000028,0.9561960000000056
96.276079,b,,2,0.45032000000000494,0.9006400000000099
96.726399,b,,3,0.4471149999999966,0.8942299999999932
97.173514,b,,4,0.5486105000000094,1.0972210000000189
97.7221245,db,,1,0.4807689999999951,0.9615379999999902
98.2028935,b,,2,0.4636744999999962,0.9273489999999924
98.666568,b,,3,0.45512750000000324,0.9102550000000065
99.1216955,b,,4,0.5315169999999938,1.0630339999999876
99.6532125,db,,1,0.48771349999999813,0.9754269999999963
100.140926,b,,2,0.44764849999999967,0.8952969999999993
100.5885745,b,,3,0.4545935000000014,0.9091870000000029
101.043168,b,,4,0.5395295000000004,1.0790590000000009
101.5826975,db,,1,0.42361050000000944,0.8472210000000189
102.006308,b,,2,0.3931619999999896,0.7863239999999792
102.39947,b,,3,0.4059830000000062,0.8119660000000124
102.805453,b,,4,0.40811899999999923,0.8162379999999985
103.213572,db,,1,0.45192300000000785,0.9038460000000157
103.665495,b,,2,0.4166659999999922,0.8333319999999844
104.082161,b,,3,0.44337600000000066,0.8867520000000013
104.525537,b,,4,0.44123799999999846,0.8824759999999969
104.966775,db,,1,0.4444440000000043,0.8888880000000086
105.411219,b,,2,0.41025600000000395,0.8205120000000079
105.821475,b,,3,0.4797009999999915,0.959401999999983
106.301176,b,,4,0.5368579999999952,1.0737159999999903
106.838034,db,,1,0.49198700000000883,0.9839740000000177
107.330021,b,,2,0.4252129999999994,0.8504259999999988
107.755234,b,,3,0.46100400000000263,0.9220080000000053
108.216238,b,,4,0.43643149999999764,0.8728629999999953
108.6526695,db,,1,0.44764849999999967,0.8952969999999993
109.100318,b,,2,0.43162399999999934,0.8632479999999987
109.531942,b,,3,0.47702950000001465,0.9540590000000293
110.00897150000002,b,,4,0.42574749999998573,0.8514949999999715
110.434719,db,,1,0.4273500000000041,0.8547000000000082
110.862069,b,,2,0.434827999999996,0.869655999999992
111.296897,b,,3,0.4380340000000018,0.8760680000000036
111.734931,b,,4,0.4540590000000009,0.9081180000000018
112.18899,db,,1,0.522435999999999,1.044871999999998
112.711426,b,,2,0.36858900000000006,0.7371780000000001
113.080015,b,,3,0.48611099999999396,0.9722219999999879
113.566126,b,,4,0.5010675000000049,1.0021350000000098
114.0671935,db,,1,0.4700849999999974,0.9401699999999948
114.5372785,b,,2,0.4198714999999993,0.8397429999999986
114.95715,b,,3,0.4444440000000185,0.888888000000037
115.40159400000002,b,,4,0.4284179999999793,0.8568359999999586
115.830012,db,,1,0.422008500000004,0.844017000000008
116.2520205,b,,2,0.4423074999999983,0.8846149999999966
116.694328,b,,3,0.45726450000000796,0.9145290000000159
117.1515925,b,,4,0.45833249999999737,0.9166649999999947
117.609925,db,,1,0.41613249999998914,0.8322649999999783
118.0260575,b,,2,0.44818350000001317,0.8963670000000263
118.474241,b,,3,0.4337599999999924,0.8675199999999847
118.908001,b,,4,0.40170899999999676,0.8034179999999935
119.30971,db,,1,0.4700849999999974,0.9401699999999948
119.779795,b,,2,0.38888800000000856,0.7777760000000171
120.168683,b,,3,0.4914529999999928,0.9829059999999856
120.660136,b,,4,0.5016020000000054,1.0032040000000109
121.161738,db,,1,0.47275600000001816,0.9455120000000363
121.63449400000002,b,,2,0.4380339999999876,0.8760679999999752
122.072528,b,,3,0.4305544999999995,0.861108999999999
122.5030825,b,,4,0.430555499999997,0.861110999999994
122.933638,db,,1,0.43589649999999835,0.8717929999999967
123.3695345,b,,2,0.41773449999999457,0.8354689999999891
123.787269,b,,3,0.4417735000000107,0.8835470000000214
124.2290425,b,,4,0.42788449999999045,0.8557689999999809
124.656927,db,,1,0.4481830000000002,0.8963660000000004
125.10511,b,,2,0.4492520000000013,0.8985040000000026
125.554362,b,,3,0.45299099999999726,0.9059819999999945
126.007353,b,,4,0.4540590000000009,0.9081180000000018
126.461412,db,,1,0.42841800000000774,0.8568360000000155
126.88983,b,,2,0.40918800000000033,0.8183760000000007
127.299018,b,,3,0.42307699999999215,0.8461539999999843
127.722095,b,,4,0.4188029999999969,0.8376059999999939
128.140898,db,,1,0.42200800000000527,0.8440160000000105
128.562906,b,,2,0.42628100000001723,0.8525620000000345
128.98918700000002,b,,3,0.44337599999997224,0.8867519999999445
129.432563,b,,4,0.438034000000016,0.876068000000032
129.870597,db,,1,0.41987100000000055,0.8397420000000011
130.290468,b,,2,0.4273499999999899,0.8546999999999798
130.717818,b,,3,0.37820500000000834,0.7564100000000167
131.096023,b,,4,0.4513885000000073,0.9027770000000146
131.5474115,db,,1,0.4513884999999789,0.9027769999999578
131.9988,b,,2,0.4358970000000113,0.8717940000000226
132.434697,b,,3,0.4658110000000022,0.9316220000000044
132.900508,b,,4,0.45940100000001394,0.9188020000000279
133.35990900000002,db,,1,0.4380339999999876,0.8760679999999752
133.797943,b,,2,0.384081000000009,0.768162000000018
134.182024,b,,3,0.44390999999998826,0.8878199999999765
134.625934,b,,4,0.3969009999999855,0.793801999999971
135.022835,db,,1,0.40972200000001635,0.8194440000000327
135.432557,b,,2,0.42094000000000165,0.8418800000000033
135.853497,b,,3,0.4188029999999969,0.8376059999999939
136.2723,b,,4,0.3899564999999825,0.779912999999965
136.66225649999998,db,,1,0.4465805000000387,0.8931610000000774
137.10883700000002,b,,2,0.42948749999999336,0.8589749999999867
137.53832450000002,b,,3,0.3888874999999814,0.7777749999999628
137.927212,b,,4,0.4038460000000157,0.8076920000000314
138.331058,db,,1,0.419871999999998,0.839743999999996
138.75093,b,,2,0.4065165000000093,0.8130330000000185
139.15744650000002,b,,3,0.41613149999997745,0.8322629999999549
139.573578,b,,4,0.37873899999999594,0.7574779999999919
139.952317,db,,1,0.43322599999999056,0.8664519999999811
140.38554299999998,b,,2,0.4316239999999709,0.8632479999999418
140.81716699999996,b,,3,0.44444400000008955,0.8888880000001791
141.26161100000004,b,,4,0.4946579999999585,0.989315999999917
141.756269,db,,1,0.5523489999999924,1.1046979999999849
142.308618,b,,2,0.4166670000000181,0.8333340000000362
142.725285,b,,3,0.4049139999999909,0.8098279999999818
143.130199,b,,4,0.5058750000000032,1.0117500000000064
143.636074,db,,1,0.5037389999999675,1.007477999999935
144.13981299999998,b,,2,0.44230750000005514,0.8846150000001103
144.58212050000003,b,,3,0.4273500000000183,0.8547000000000367
145.00947050000005,b,,4,0.4866444999999544,0.9732889999999088
145.496115,db,,1,0.4396370000000047,0.8792740000000094
145.935752,b,,2,0.4396354999999801,0.8792709999999602
146.3753875,b,,3,0.44711550000002376,0.8942310000000475
146.822503,b,,4,0.4551274999999748,0.9102549999999496
147.2776305,db,,1,0.46901700000006485,0.9380340000001297
147.74664750000005,b,,2,0.46634499999990453,0.9326899999998091
148.21299249999996,b,,3,0.4476495000000398,0.8952990000000796
148.660642,b,,4,0.4252134999999555,0.850426999999911
149.08585549999995,db,,1,0.4780975000000467,0.9561950000000934
149.563953,b,,2,0.4439094999999895,0.887818999999979
150.0078625,b,,3,0.439636500000006,0.879273000000012
150.447499,b,,4,0.4786320000000046,0.9572640000000092
150.926131,db,,1,0.46047000000001503,0.9209400000000301
151.386601,b,,2,0.4551280000000304,0.9102560000000608
151.84172900000004,b,,3,0.46367449999991095,0.9273489999998219
152.30540349999995,b,,4,0.5283115000000009,1.0566230000000019
152.83371499999996,db,,1,0.49305499999999824,0.9861099999999965
153.32676999999995,b,,2,0.4839740000000461,0.9679480000000922
153.810744,b,,3,0.4294864999999959,0.8589729999999918
154.2402305,b,,4,0.5373930000000087,1.0747860000000173
154.7776235,db,,1,0.5021355000000085,1.004271000000017
155.279759,b,,2,0.5267089999999826,1.053417999999965
155.806468,b,,3,0.39903849999996055,0.7980769999999211
156.20550649999996,b,,4,0.48023449999999457,0.9604689999999891
156.68574099999995,db,,1,0.5021360000000357,1.0042720000000713
157.187877,b,,2,0.5320504999999685,1.064100999999937
157.71992749999995,b,,3,0.5026705000000504,1.0053410000001008
158.222598,b,,4,0.5379269999999963,1.0758539999999925
158.760525,db,,1,0.4278844999999478,0.8557689999998956
159.18840949999995,b,,2,0.4385675000000617,0.8771350000001235
159.626977,b,,3,0.4236109999999371,0.8472219999998742
160.05058799999995,b,,4,0.44818300000005706,0.8963660000001141
160.498771,db,,1,0.45673049999999193,0.9134609999999839
160.9555015,b,,2,0.4385675000000049,0.8771350000000098
161.394069,b,,3,0.4257479999999987,0.8514959999999974
161.819817,b,,4,0.4391019999999912,0.8782039999999824
162.258919,db,,1,0.4658115000000578,0.9316230000001156
162.72473050000005,b,,2,0.44871749999995814,0.8974349999999163
163.173448,b,,3,0.4556619999999896,0.9113239999999792
163.62911,b,,4,0.4545934999999588,0.9091869999999176
164.08370349999996,db,,1,0.5064100000000451,1.0128200000000902
164.5901135,b,,2,0.42574749999999995,0.8514949999999999
165.015861,b,,3,0.42574749999999995,0.8514949999999999
165.4416085,b,,4,0.45779849999999556,0.9155969999999911
165.899407,db,,1,0.4610035000000039,0.9220070000000078
166.3604105,b,,2,0.46581150000000093,0.9316230000000019
166.826222,b,,3,0.4540594999999996,0.9081189999999992
167.2802815,b,,4,0.4594015000000127,0.9188030000000253
167.739683,db,,1,0.4588664999999992,0.9177329999999984
168.1985495,b,,2,0.45993599999994217,0.9198719999998843
168.65848549999995,b,,3,0.44390950000004636,0.8878190000000927
169.102395,b,,4,0.5096149999999966,1.0192299999999932
169.61201,db,,1,0.5448710000000005,1.089742000000001
170.156881,b,,2,0.504273000000012,1.008546000000024
170.661154,b,,3,0.5277769999999862,1.0555539999999723
171.188931,b,,4,0.48557700000000636,0.9711540000000127
171.674508,db,,1,0.5122859999999889,1.0245719999999778
172.186794,b,,2,0.4946570000000179,0.9893140000000358
172.681451,b,,3,0.5213669999999411,1.0427339999998821
173.20281799999995,b,,4,0.6378200000000049,1.2756400000000099
173.84063799999996,db,,1,0.6613240000000928,1.3226480000001857
174.50196200000005,b,,2,0.48557699999997794,0.9711539999999559
174.98753900000003,b,,3,0.4930549999999698,0.9861099999999396
175.480594,b,,4,0.4887814999999591,0.9775629999999182
175.96937549999996,db,,1,0.42200800000009053,0.8440160000001811
176.39138350000005,b,,2,0.40544799999995007,0.8108959999999001
176.7968315,b,,3,0.4284185000000491,0.8568370000000982
177.22525000000005,b,,4,0.46687999999994645,0.9337599999998929
177.69213,db,,1,0.415598000000017,0.831196000000034
178.107728,b,,2,0.4342939999999942,0.8685879999999884
178.542022,b,,3,0.43963649999994914,0.8792729999998983
178.98165849999995,b,,4,0.42895250000009355,0.8579050000001871
179.41061100000005,db,,1,0.42788450000000466,0.8557690000000093
179.83849550000005,b,,2,0.3851494999999545,0.770298999999909
180.223645,b,,3,0.4369649999999865,0.873929999999973
180.66061,b,,4,0.455662000000018,0.911324000000036
181.116272,db,,1,0.4273499999999899,0.8546999999999798
181.543622,b,,2,0.43108900000001427,0.8621780000000285
181.974711,b,,3,0.4145300000000134,0.8290600000000268
182.38924100000003,b,,4,0.46848249999996483,0.9369649999999297
182.8577235,db,,1,0.4209395000000029,0.8418790000000058
183.278663,b,,2,0.4358970000000113,0.8717940000000226
183.71456,b,,3,0.42094000000000165,0.8418800000000033
184.1355,b,,4,0.44016999999999484,0.8803399999999897
184.57567,db,,1,0.4049139999999909,0.8098279999999818
184.980584,b,,2,0.4268160000000023,0.8536320000000046
185.4074,b,,3,0.4471149999999966,0.8942299999999932
185.854515,b,,4,0.455662000000018,0.911324000000036
186.310177,db,,1,0.4583329999999819,0.9166659999999638
186.76851,b,,2,0.5256405000000086,1.0512810000000172
187.2941505,b,,3,0.45673049999999193,0.9134609999999839
187.750881,b,,4,0.526709000000011,1.053418000000022
188.27759,db,,1,0.4369649999999865,0.873929999999973
188.714555,b,,2,0.4572640000000092,0.9145280000000184
189.171819,b,,3,0.43269200000000296,0.8653840000000059
189.604511,b,,4,0.43269200000000296,0.8653840000000059
190.037203,db,,1,0.4594009999999855,0.918801999999971
190.496604,b,,2,0.47008500000001163,0.9401700000000233
190.966689,b,,3,0.43162399999999934,0.8632479999999987
191.398313,b,,4,0.4631405000000086,0.9262810000000172
191.8614535,db,,1,0.44177299999998354,0.8835459999999671
192.3032265,b,,2,0.4818375000000117,0.9636750000000234
192.785064,b,,3,0.41346099999998387,0.8269219999999677
193.198525,b,,4,0.4540590000000009,0.9081180000000018
193.652584,db,,1,0.40064100000000735,0.8012820000000147
194.053225,b,,2,0.4444440000000043,0.8888880000000086
194.497669,b,,3,0.4455120000000079,0.8910240000000158
194.943181,b,,4,0.4594009999999855,0.918801999999971
195.402582,db,,1,0.45299099999999726,0.9059819999999945
195.855573,b,,2,0.4476500000000101,0.8953000000000202
196.303223,b,,3,0.4668790000000058,0.9337580000000116
196.770102,b,,4,0.4556624999999883,0.9113249999999766
197.2257645,db,,1,0.4385675000000049,0.8771350000000098
197.664332,b,,2,0.4508544999999913,0.9017089999999826
198.1151865,b,,3,0.4604695000000163,0.9209390000000326
198.575656,b,,4,0.45245699999998124,0.9049139999999625
199.028113,db,,1,0.43749950000000126,0.8749990000000025
199.4656125,b,,2,0.44764950000001136,0.8952990000000227
199.913262,b,,3,0.4278840000000059,0.8557680000000119
200.341146,b,,4,0.4674139999999909,0.9348279999999818
200.80856,db,,1,0.4380339999999876,0.8760679999999752
201.246594,b,,2,0.4321575000000166,0.8643150000000333
201.6787515,b,,3,0.4310894999999846,0.8621789999999692
202.109841,b,,4,0.4476490000000126,0.8952980000000252
202.55749,db,,1,0.4561960000000056,0.9123920000000112
203.013686,b,,2,0.4246789999999976,0.8493579999999952
203.438365,b,,3,0.4983969999999829,0.9967939999999658
203.936762,b,,4,0.43055500000002667,0.8611100000000533
204.367317,db,,1,0.44444399999997586,0.8888879999999517
204.811761,b,,2,0.4145300000000134,0.8290600000000268
205.226291,b,,3,0.44177299999998354,0.8835459999999671
205.668064,b,,4,0.4337600000000066,0.8675200000000132
206.101824,db,,1,0.4369650000000149,0.8739300000000298
206.538789,b,,2,0.4161320000000046,0.8322640000000092
206.954921,b,,3,0.43856849999997394,0.8771369999999479
207.3934895,b,,4,0.4695505000000253,0.9391010000000506
207.86304,db,,1,0.43910249999998996,0.8782049999999799
208.3021425,b,,2,0.4508534999999938,0.9017069999999876
208.752996,b,,3,0.3760685000000308,0.7521370000000616
209.12906450000003,b,,4,0.4631404999999802,0.9262809999999604
209.592205,db,,1,0.4674139999999909,0.9348279999999818
210.059619,b,,2,0.42094000000000165,0.8418800000000033
210.480559,b,,3,0.44177300000001196,0.8835460000000239
210.922332,b,,4,0.4813029999999969,0.9626059999999939
211.403635,db,,1,0.4348279999999818,0.8696559999999636
211.838463,b,,2,0.43269200000000296,0.8653840000000059
212.271155,b,,3,0.45619650000003276,0.9123930000000655
212.72735150000003,b,,4,0.4588669999999695,0.917733999999939
213.1862185,db,,1,0.4407045000000096,0.8814090000000192
213.626923,b,,2,0.42200800000000527,0.8440160000000105
214.048931,b,,3,0.4188029999999969,0.8376059999999939
214.467734,b,,4,0.4487179999999853,0.8974359999999706
214.916452,db,,1,0.41666600000002063,0.8333320000000413
215.333118,b,,2,0.4401709999999923,0.8803419999999846
215.773289,b,,3,0.4166659999999922,0.8333319999999844
216.189955,b,,4,0.4524565000000109,0.9049130000000218
216.6424115,db,,1,0.4188029999999969,0.8376059999999939
217.0612145,b,,2,0.4674139999999909,0.9348279999999818
217.5286285,b,,3,0.453525500000012,0.907051000000024
217.982154,b,,4,0.4652769999999862,0.9305539999999723
218.447431,db,,1,0.446581000000009,0.893162000000018
218.894012,b,,2,0.41987100000000055,0.8397420000000011
219.313883,b,,3,0.41346099999998387,0.8269219999999677
219.727344,b,,4,0.4583330000000103,0.9166660000000206
220.185677,db,,1,0.4380339999999876,0.8760679999999752
220.623711,b,,2,0.41666600000002063,0.8333320000000413
221.040377,b,,3,0.42094000000000165,0.8418800000000033
221.461317,b,,4,0.4679479999999785,0.935895999999957
221.929265,db,,1,0.41987200000002645,0.8397440000000529
222.349137,b,,2,0.4300209999999822,0.8600419999999644
222.779158,b,,3,0.4364309999999989,0.8728619999999978
223.215589,b,,4,0.4182685000000106,0.8365370000000212
223.6338575,db,,1,0.4647429999999986,0.9294859999999971
224.0986005,b,,2,0.47702999999998497,0.9540599999999699
224.5756305,b,,3,0.47970050000000697,0.9594010000000139
225.055331,b,,4,0.37820400000001086,0.7564080000000217
225.433535,db,,1,0.4476489999999842,0.8952979999999684
225.881184,b,,2,0.4273500000000183,0.8547000000000367
226.308534,b,,3,0.4668800000000033,0.9337600000000066
226.775414,b,,4,0.5662389999999959,1.1324779999999919
227.341653,db,,1,0.5245719999999778,1.0491439999999557
227.866225,b,,2,0.41132500000000505,0.8226500000000101
228.27755,b,,3,0.4145290000000159,0.8290580000000318
228.692079,b,,4,0.5592944999999929,1.1185889999999858
229.2513735,db,,1,0.4417725000000132,0.8835450000000264
229.693146,b,,2,0.40918800000000033,0.8183760000000007
230.102334,b,,3,0.4369650000000149,0.8739300000000298
230.53929900000003,b,,4,0.4764960000000258,0.9529920000000516
231.01579500000005,db,,1,0.4220079999999484,0.8440159999998968
231.437803,b,,2,0.45192199999999616,0.9038439999999923
231.889725,b,,3,0.49359000000001174,0.9871800000000235
232.383315,b,,4,0.5710459999999955,1.142091999999991
232.954361,db,,1,0.4674139999999909,0.9348279999999818
233.421775,b,,2,0.4262820000000147,0.8525640000000294
233.848057,b,,3,0.45085399999999254,0.9017079999999851
234.298911,b,,4,0.4540590000000009,0.9081180000000018
234.75297,db,,1,0.4711539999999843,0.9423079999999686
235.224124,b,,2,0.4348280000000102,0.8696560000000204
235.658952,b,,3,0.47222199999998793,0.9444439999999759
236.131174,b,,4,0.469017000000008,0.938034000000016
236.600191,db,,1,0.4636744999999962,0.9273489999999924
237.0638655,b,,2,0.4567300000000216,0.9134600000000432
237.5205955,b,,3,0.46527799999998365,0.9305559999999673
237.9858735,b,,4,0.43749950000000126,0.8749990000000025
238.423373,db,,1,0.4813029999999969,0.9626059999999939
238.904676,b,,2,0.43963600000000724,0.8792720000000145
239.344312,b,,3,0.45032000000000494,0.9006400000000099
239.794632,b,,4,0.4973284999999805,0.994656999999961
240.2919605,db,,1,0.5058755000000019,1.0117510000000038
240.797836,b,,2,0.6121789999999976,1.2243579999999952
